
 No    Ref    V       B-V     U-B

 0001   510  14.567   0.178         
 0002   510  15.994   1.309         
 0003   510  16.320   1.335         
 0004   510  17.189   1.567         
 0005   510  15.708   1.238         
 0006   510  12.153   0.582         
 0007   510  16.505   1.516         
 0008   510  15.006   2.101         
 0009   510  16.163   1.506         
 0010   510  15.452   1.290         
 0011   510  14.533   0.970         
 0012   510  16.279   1.489         
 0013   510  16.009   1.276         
 0014   510  12.508   0.563         
 0015   510  12.416   0.663         
 0016   510  12.017   0.439         
 0017   510  17.743   1.206         
 0018   510  16.173   1.233         
 0019   510  14.014   1.025         
 0020   510  16.874   1.210         
 0021   510  12.976   0.861         
 0022   510  16.003   1.278         
 0023   510  14.189   1.213         
 0024   510  14.039   1.195         
 0025   510  16.378   1.462         
 0026   510  15.783   1.318         
 0027   510  15.963   1.333         
 0028   510  15.253   1.904         
 0029   510  16.726   1.253         
 0030   510  16.138   2.292         
 0031   510  15.863   1.179         
 0032   510  15.998   1.235         
 0033   510  16.565   1.422         
 0034   510  15.050   1.215         
 0035   510  14.586   1.228         
 0036   510  17.101   1.300         
 0037   510  14.832   1.886         
 0038   510  14.448   1.331         
 0039   510  17.111   1.241         
 0040   510  16.926   1.351         
 0041   510  15.233   1.205         
 0042   510  12.670   1.198         
 0043   510  14.160   1.251         
 0044   510  16.563   1.536         
 0045   510  16.741   1.134         
 0046   510  17.479   1.098         
 0047   510  17.014   1.233         
 0048   510  16.125   1.166         
 0049   510  16.547   1.329         
 0050   510  15.583   1.085         
 0051   510  16.583   1.085         
 0052   510  16.789   1.376         
 0053   510  16.536   1.275         
 0054   510  16.491   1.173         
 0055   510  14.038   1.412         
 0056   510  16.122   1.122         
 0057   510  15.910   1.293         
 0058   510  16.173   1.491         
 0059   510  16.083   1.188         
 0060   510  15.246   1.160         
 0061   510  13.470   1.069         
 0062   510  15.655   1.142         
 0063   510  17.308   1.158         
 0064   510  17.029   1.331         
 0065   510  16.922   1.189         
 0066   510  17.425   1.097         
 0067   510  16.455   1.804         
 0068   510  15.354   1.161         
 0069   510  17.206   1.184         
 0070   510  15.914   0.975         
 0071   510  16.400   1.221         
 0072   510  17.480   0.241         
 0073   510  14.670   0.957         
 0074   510  16.403   1.098         
 0075   510  13.469   0.831         
 0076   510  16.805   1.480         
 0077   510  16.994   1.430         
 0078   510  15.684   2.761         
 0079   510  16.426   1.320         
 0080   510  16.012   1.036         
 0081   510  16.668   1.337         
 0082   510  16.830   1.264         
 0083   510  14.848   1.088         
 0084   510  14.211   0.754         
 0085   510  16.063   1.222         
 0086   510  14.714   1.083         
 0087   510  16.089   1.197         
 0088   510  16.508   1.314         
 0089   510  16.031   1.809         
 0090   510  16.730   1.404         
 0091   510  15.689   1.232         
 0092   510  12.963   1.672         
 0093   510  16.231   1.274         
 0094   510  16.572   1.192         
 0095   510  16.235   1.437         
 0096   510  14.890   1.120         
 0097   510  16.044   1.262         
 0098   510  16.326   2.358         
 0099   510  16.847   1.203         
 0100   510  16.567   1.380         
 0101   510  15.635   1.087         
 0102   510  17.121   1.335         
 0103   510  16.952   1.421         
 0104   510  15.834   1.132         
 0105   510  13.256   0.936         
 0106   510  17.117   1.321         
 0107   510  16.184   1.272         
 0108   510  16.781   1.186         
 0109   510  16.149   1.274         
 0110   510  16.894   1.311         
 0111   510  16.779   1.296         
 0112   510  16.265   1.390         
 0113   510  14.607   1.505         
 0114   510  16.663   1.237         
 0115   510  17.263   1.490         
 0116   510  16.828   1.478         
 0117   510  14.037   0.903         
 0118   510  17.064   1.267         
 0119   510  16.555   1.477         
 0120   510  14.982   1.138         
 0121   510  16.422   1.223         
 0122   510  15.969   1.165         
 0123   510  17.145   1.413         
 0124   510  15.863   1.121         
 0125   510  16.394   1.550         
 0126   510  16.195   1.284         
 0127   510  15.039   1.065         
 0128   510  16.425   1.199         
 0129   510  16.020   1.197         
 0130   510  16.971   1.439         
 0131   510  15.466   2.420         
 0132   510  13.885   1.141         
 0133   510  16.857   1.302         
 0134   510  16.085   1.177         
 0135   510  14.280   1.002         
 0136   510  17.469   1.136         
 0137   510  15.158   1.335         
 0138   510  16.474   1.475         
 0139   510  16.401   1.206         
 0140   510  17.388   1.213         
 0141   510  16.707   1.346         
 0142   510  14.617   1.122         
 0143   510  14.149   1.233         
 0144   510  14.265   1.173         
 0145   510  16.808   1.285         
 0146   510  15.063   1.537         
 0147   510  16.593   1.197         
 0148   510  16.815   1.324         
 0149   510  21.090  -1.825         
 0150   510  15.571   1.092         
 0151   510  15.893   1.117         
 0152   510  15.450   1.014         
 0153   510  15.425   1.528         
 0154   510  15.788   1.411         
 0155   510  13.559   1.224         
 0156   510  16.629   1.515         
 0157   510  16.679   1.250         
 0158   510  16.240   1.498         
 0159   510  17.069   1.352         
 0160   510  16.802   1.420         
 0161   510  16.146   1.206         
 0162   510  15.519   1.190         
 0163   510  15.243   1.737         
 0164   510  15.876   1.842         
 0165   510  17.706   1.152         
 0166   510  15.274   1.105         
 0167   510  14.107   1.018         
 0168   510  15.109   2.395         
 0169   510  16.692   1.123         
 0170   510  16.230   1.238         
 0171   510  17.069   1.323         
 0172   510  13.770   1.209         
 0173   510  16.910   1.582         
 0174   510  17.204   0.986         
 0175   510  16.321   1.119         
 0176   510  17.001   1.175         
 0177   510  15.954   1.093         
 0178   510  16.946   1.052         
 0179   510  17.051   1.331         
 0180   510  16.035   1.260         
 0181   510  17.072   1.149         
 0182   510  13.679   1.004         
 0183   510  13.614   1.030         
 0184   510  16.933   1.006         
 0185   510  16.891   1.541         
 0186   510  16.095   1.219         
 0187   510  14.035   0.899         
 0188   510  17.124   1.422         
 0189   510  16.309   1.551         
 0190   510  16.760   1.360         
 0191   510  15.197   1.002         
 0192   510  17.031   1.190         
 0193   510  15.725   1.104         
 0194   510  16.474   1.324         
 0195   510  16.921   1.286         
 0196   510  16.616   1.377         
 0197   510  14.697   0.953         
 0198   510  15.541   1.168         
 0199   510  14.584   1.294         
 0200   510  15.704   1.299         
 0201   510  16.777   1.410         
 0202   510  15.339   1.210         
 0203   510  17.096   1.777         
 0204   510  13.608   1.072         
 0205   510  16.789   1.169         
 0206   510  16.729   1.267         
 0207   510  13.912   0.854         
 0208   510  17.078   1.428         
 0209   510  15.589   2.308         
 0210   510  15.692   1.426         
 0211   510  16.845   1.407         
 0212   510  14.992   1.028         
 0213   510  14.181   0.985         
 0214   510  13.810   0.825         
 0215   510  15.892   1.544         
 0216   510  16.776   1.290         
 0217   510  15.162   1.659         
 0218   510  12.477   2.333         
 0219   510  14.272   1.830         
 0220   510  15.518   1.233         
 0221   510  16.054   1.695         
 0222   510  16.475   1.226         
 0223   510  16.399   1.652         
 0224   510  14.687   1.261         
 0225   510  16.088   1.700         
 0226   510  15.400   1.151         
 0227   510  15.215   1.224         
 0228   510  16.498   1.406         
 0229   510  15.673   1.284         
 0230   510  13.895   0.935         
 0231   510  17.226   1.149         
 0232   510  16.117   1.509         
 0233   510  15.741   1.317         
 0234   510  14.647   1.099         
 0235   510  15.165   1.191         
 0236   510  17.479   1.203         
 0237   510  14.478   1.981         
 0238   510  15.753   1.051         
 0239   510  16.976   1.351         
 0240   510  17.305   1.436         
 0241   510  16.077   0.954         
 0242   510  16.502   1.588         
 0243   510  13.171   0.743         
 0244   510  14.391   1.353         
 0245   510  16.630   1.160         
 0246   510  17.369   1.259         
 0247   510  16.435   1.131         
 0248   510  15.030   2.110         
 0249   510  17.178   1.207         
 0250   510  16.990  -0.181         
 0251   510  16.450   1.342         
 0252   510  15.672   1.315         
 0253   510  14.333   1.207         
 0254   510  16.277   1.563         
 0255   510  15.158   1.150         
 0256   510  16.900   1.260         
 0257   510  14.440   1.832         
 0258   510  15.898   1.129         
 0259   510  13.986   1.033         
 0260   510  15.165   1.256         
 0261   510  15.913   1.055         
 0262   510  13.036   0.689         
 0263   510  15.176   1.166         
 0264   510  16.625   1.475         
 0265   510  15.126   1.202         
 0266   510  16.668   1.329         
 0267   510  14.942   1.029         
 0268   510  14.568   1.145         
 0269   510  15.622   1.857         
 0270   510  16.901   1.145         
 0271   510  17.315   1.224         
 0272   510  15.147   1.120         
 0273   510  14.408   1.024         
 0274   510  18.234   1.804         
 0275   510  19.082   1.320         
 0276   510  18.399   1.723         
 0277   510  19.002   1.499         
 0278   510  18.497   1.540         
 0279   510  18.430   1.675         
 0280   510  18.820   1.708         
 0281   510  18.073   1.763         
 0282   510  19.313   1.450         
 0283   510  16.984   1.446         
 0284   510  17.314   1.685         
 0285   510  18.313   1.550         
 0286   510  17.389   1.728         
 0287   510  19.607   1.577         
 0288   510  17.071   1.372         
 0289   510  17.341   1.503         
 0290   510  18.563   1.541         
 0291   510  18.485   1.588         
 0292   510  18.521   1.930         
 0293   510  16.214   2.863         
 0294   510  18.774   1.599         
 0295   510  17.697   2.307         
 0296   510  16.731   2.174         
 0297   510  18.737   1.810         
 0298   510  18.368   1.514         
 0299   510  20.688   0.711         
 0300   510  16.479   1.653         
 0301   510  17.589   1.215         
 0302   510  18.170   1.518         
 0303   510  17.329   2.188         
 0304   510  19.326   0.918         
 0305   510  19.066   1.903         
 0306   510  16.145   2.436         
 0307   510  17.767   1.532         
 0308   510  18.203   1.501         
 0309   510  18.826   1.530         
 0310   510  17.694   1.429         
 0311   510  17.993   2.401         
 0312   510  19.227   2.372         
 0313   510  20.317   0.419         
 0314   510  19.600   1.164         
 0315   510  18.209   2.344         
 0316   510  18.233   1.443         
 0317   510  17.999   1.406         
 0318   510  18.332   1.595         
 0319   510  17.653   1.323         
 0320   510  18.290   1.383         
 0321   510  17.873   1.618         
 0322   510  18.838   1.573         
 0323   510  18.522   1.305         
 0324   510  19.542   1.561         
 0325   510  17.977   1.364         
 0326   510  18.597   1.312         
 0327   510  17.479   1.497         
 0328   510  21.398   0.029         
 0329   510  18.375   1.409         
 0330   510  19.204   0.797         
 0331   510  18.797   1.489         
 0332   510  21.585  -0.511         
 0333   510  18.542   1.459         
 0334   510  18.953   1.724         
 0335   510  18.397   1.645         
 0336   510  18.784   2.404         
 0337   510  17.350   1.210         
 0338   510  19.863   0.971         
 0339   510  18.200   1.206         
 0340   510  18.159   1.397         
 0341   510  21.413   0.135         
 0342   510  19.674   1.454         
 0343   510  18.829   1.568         
 0344   510  18.764   1.925         
 0345   510  18.515   1.424         
 0346   510  17.738   1.243         
 0347   510  19.334   1.790         
 0348   510  18.910   1.648         
 0349   510  17.968   1.398         
 0350   510  19.402   1.394         
 0351   510  18.412   1.497         
 0352   510  17.598   1.438         
 0353   510  17.799   1.611         
 0354   510  17.935   1.760         
 0355   510  18.239   1.501         
 0356   510  16.890   2.071         
 0357   510  18.490   1.298         
 0358   510  18.209   1.455         
 0359   510  18.788   1.842         
 0360   510  19.086   1.697         
 0361   510  19.820   1.725         
 0362   510  17.171   2.063         
 0363   510  19.178   1.456         
 0364   510  18.264   1.558         
 0365   510  19.401   1.285         
 0366   510  17.564   1.225         
 0367   510  18.848   1.563         
 0368   510  17.747   1.256         
 0369   510  17.534   1.666         
 0370   510  19.530   1.348         
 0371   510  18.669   1.326         
 0372   510  18.204   1.423         
 0373   510  18.670   1.944         
 0374   510  18.348   1.259         
 0375   510  18.800   1.694         
 0376   510  20.387   0.594         
 0377   510  18.346   1.181         
 0378   510  19.765   1.836         
 0379   510  17.377   1.257         
 0380   510  21.088   0.430         
 0381   510  19.922   1.413         
 0382   510  18.742   1.684         
 0383   510  18.314   1.696         
 0384   510  19.962   1.460         
 0385   510  19.340   1.411         
 0386   510  19.628   1.914         
 0387   510  18.361   1.499         
 0388   510  18.585   1.698         
 0389   510  18.928   1.445         
 0390   510  18.238   2.270         
 0391   510  18.673   1.463         
 0392   510  17.460   1.265         
 0393   510  17.871   1.425         
 0394   510  17.614   1.405         
 0395   510  19.210   2.160         
 0396   510  19.443   1.095         
 0397   510  17.736   1.611         
 0398   510  18.095   1.370         
 0399   510  19.268   1.579         
 0400   510  18.560   1.799         
 0401   510  18.025   1.167         
 0402   510  18.972   1.781         
 0403   510  18.246   1.317         
 0404   510  17.495   1.527         
 0405   510  17.797   1.388         
 0406   510  19.144   1.468         
 0407   510  19.331   2.423         
 0408   510  18.474   1.792         
 0409   510  17.849   1.357         
 0410   510  19.197   1.185         
 0411   510  17.356   1.583         
 0412   510  17.338   1.711         
 0413   510  18.970   1.814         
 0414   510  18.523   1.082         
 0415   510  16.806   1.680         
 0416   510  19.644   1.356         
 0417   510  18.801   1.572         
 0418   510  18.483   1.446         
 0419   510  18.503   1.506         
 0420   510  18.307   1.682         
 0421   510  18.048   1.451         
 0422   510  18.562   1.299         
 0423   510  17.919   1.640         
 0424   510  18.267   1.268         
 0425   510  18.804   1.379         
 0426   510  17.495   1.440         
 0427   510  17.724   1.379         
 0428   510  18.585   1.590         
 0429   510  16.483   2.345         
 0430   510  19.418   1.894         
 0431   510  17.625   1.387         
 0432   510  18.443   1.463         
 0433   510  18.257   1.437         
 0434   510  19.186   1.324         
 0435   510  19.257   1.412         
 0436   510  19.672   1.328         
 0437   510  18.703   1.833         
 0438   510  19.258   1.033         
 0439   510  17.796   1.473         
 0440   510  19.453   1.823         
 0441   510  17.555   1.255         
 0442   510  19.053   1.279         
 0443   510  18.707   1.691         
 0444   510  18.220   1.234         
 0445   510  18.590   1.311         
 0446   510  18.001   1.644         
 0447   510  17.123   2.504         
 0448   510  19.102   1.355         
 0449   510  19.346   1.369         
 0450   510  17.510   1.365         
 0451   510  19.077   1.002         
 0452   510  18.573   1.487         
 0453   510  18.533   1.342         
 0454   510  18.262   1.521         
 0455   510  17.688   1.718         
 0456   510  20.532   0.575         
 0457   510  18.460   1.588         
 0458   510  18.272   1.662         
 0459   510  17.524   1.357         
 0460   510  17.514   1.070         
 0461   510  18.572   1.301         
 0462   510  18.558   1.611         
 0463   510  18.658   1.989         
 0464   510  21.883  -0.934         
 0465   510  18.700   1.505         
 0466   510  18.436   1.447         
 0467   510  19.192   1.611         
 0468   510  17.686   1.673         
 0469   510  18.718   1.554         
 0470   510  19.473   1.303         
 0471   510  19.918   1.423         
 0472   510  18.821   1.595         
 0473   510  17.926   1.570         
 0474   510  18.848   1.537         
 0475   510  18.045   1.347         
 0476   510  18.081   1.554         
 0477   510  19.771   1.981         
 0478   510  19.070   1.272         
 0479   510  18.167   1.582         
 0480   510  18.587   1.806         
 0481   510  17.536   1.653         
 0482   510  19.283   1.962         
 0483   510  18.675   1.754         
 0484   510  17.422   1.444         
 0485   510  18.850   1.312         
 0486   510  18.743   1.148         
 0487   510  19.456   1.876         
 0488   510  17.036   1.452         
 0489   510  17.290   1.448         
 0490   510  18.884   1.805         
 0491   510  19.761   1.728         
 0492   510  17.449   1.543         
 0493   510  19.170   1.446         
 0494   510  17.571   1.434         
 0495   510  18.364   2.263         
 0496   510  19.049   1.429         
 0497   510  18.039   1.710         
 0498   510  19.317   1.638         
 0499   510  18.541   1.841         
 0500   510  18.167   1.602         
 0501   510  18.408   1.091         
 0502   510  18.687   1.761         
 0503   510  17.730   1.324         
 0504   510  18.412   1.696         
 0505   510  17.802   1.140         
 0506   510  18.172   1.624         
 0507   510  19.420   1.397         
 0508   510  19.472   1.577         
 0509   510  18.167   1.304         
 0510   510  18.953   1.711         
 0511   510  18.621   1.289         
 0512   510  17.219   1.554         
 0513   510  18.617   1.631         
 0514   510  18.465   1.633         
 0515   510  18.429   1.635         
 0516   510  18.584   1.543         
 0517   510  17.179   1.558         
 0518   510  20.941   1.192         
 0519   510  18.067   1.572         
 0520   510  18.936   1.419         
 0521   510  18.440   1.795         
 0522   510  18.785   1.470         
 0523   510  18.433   1.822         
 0524   510  15.852   3.198         
 0525   510  18.614   3.372         
 0526   510  17.795   1.585         
 0527   510  19.074   1.757         
 0528   510  21.520  -0.251         
 0529   510  17.969   1.553         
 0530   510  17.858   1.492         
 0531   510  19.337   1.455         
 0532   510  17.175   1.356         
 0533   510  17.453   1.341         
 0534   510  18.176   2.008         
 0535   510  20.779   0.390         
 0536   510  19.287   1.450         
 0537   510  18.161   1.320         
 0538   510  20.777   0.711         
 0539   510  18.941   2.198         
 0540   510  20.656   0.707         
 0541   510  18.410   1.743         
 0542   510  18.925   1.836         
 0543   510  19.276   1.725         
 0544   510  17.165   1.559         
 0545   510  18.249   1.653         
 0546   510  16.839   1.237         
 0547   510  19.068   1.523         
 0548   510  18.500   1.663         
 0549   510  19.200   1.932         
 0550   510  18.449   1.672         
 0551   510  17.515   1.220         
 0552   510  18.757   1.499         
 0553   510  18.313   1.501         
 0554   510  17.943   1.339         
 0555   510  18.379   1.469         
 0556   510  18.339   1.564         
 0557   510  18.146   1.548         
 0558   510  19.467   1.654         
 0559   510  19.211   1.508         
 0560   510  18.596   1.391         
 0561   510  18.560   1.651         
 0562   510  18.872   1.663         
 0563   510  17.587   1.444         
 0564   510  19.496   2.079         
 0565   510  18.766   1.524         
 0566   510  17.962   1.365         
 0567   510  17.282   1.182         
 0568   510  17.734   1.420         
 0569   510  20.103   1.447         
 0570   510  18.199   1.434         
 0571   510  17.811   1.227         
 0572   510  18.096   1.612         
 0573   510  18.059   1.467         
 0574   510  17.047   1.438         
 0575   510  17.531   1.436         
 0576   510  18.480   1.730         
 0577   510  19.334   1.917         
 0578   510  18.497   1.635         
 0579   510  19.515   1.383         
 0580   510  21.337   0.050         
 0581   510  19.608   1.431         
 0582   510  17.403   1.234         
 0583   510  19.037   1.443         
 0584   510  17.981   1.300         
 0585   510  20.682   0.636         
 0586   510  17.692   1.625         
 0587   510  18.420   1.655         
 0588   510  18.025   1.545         
 0589   510  21.646  -0.567         
 0590   510  18.221   1.478         
 0591   510  18.380   1.683         
 0592   510  18.452   1.346         
 0593   510  20.061   1.736         
 0594   510  19.750   1.805         
 0595   510  17.713   1.473         
 0596   510  17.674   2.484         
 0597   510  18.546   2.031         
 0598   510  17.514   1.346         
 0599   510  19.122   1.328         
 0600   510  18.053   1.617         
 0601   510  21.217   0.028         
 0602   510  19.376   1.585         
 0603   510  18.694   1.751         
 0604   510  19.190   1.295         
 0605   510  18.436   1.284         
 0606   510  18.261   1.962         
 0607   510  18.340   1.876         
 0608   510  19.284   2.074         
 0609   510  17.643   1.319         
 0610   510  18.354   1.634         
 0611   510  20.008   1.027         
 0612   510  18.314   1.433         
 0613   510  19.744   1.575         
 0614   510  18.308   1.370         
 0615   510  18.343   1.617         
 0616   510  18.953   1.622         
 0617   510  17.752   1.890         
 0618   510  18.475   1.618         
 0619   510  17.801   1.756         
 0620   510  20.543   0.309         
 0621   510  21.339   0.105         
 0622   510  18.762   1.806         
 0623   510  18.475   1.615         
 0624   510  19.583   1.409         
 0625   510  17.245   1.443         
 0626   510  18.377   1.773         
 0627   510  19.598   2.754         
 0628   510  21.082   0.459         
 0629   510  17.201   1.338         
 0630   510  18.786   1.460         
 0631   510  17.116   1.941         
 0632   510  21.211   0.149         
 0633   510  16.824   2.586         
 0634   510  18.989   1.646         
 0635   510  17.915   1.799         
 0636   510  18.338   1.752         
 0637   510  18.427   1.499         
 0638   510  20.240   1.528         
 0639   510  19.917   1.537         
 0640   510  19.111   2.037         
 0641   510  20.941   0.543         
 0642   510  19.164   1.451         
 0643   510  17.338   1.446         
 0644   510  18.278   1.241         
 0645   510  21.101   0.772         
 0646   510  20.230   1.044         
 0647   510  18.536   1.423         
 0648   510  18.754   1.764         
 0649   510  18.727   1.674         
 0650   510  17.852   1.342         
 0651   510  19.674   1.779         
 0652   510  19.414   1.907         
 0653   510  17.738   1.558         
 0654   510  19.536   1.392         
 0655   510  19.799   1.725         
 0656   510  18.866   1.840         
 0657   510  18.917   1.536         
 0658   510  17.932   1.862         
 0659   510  17.907   1.659         
 0660   510  17.560   2.099         
 0661   510  17.832   1.202         
 0662   510  18.144   1.303         
 0663   510  18.215   1.566         
 0664   510  18.635   1.302         
 0665   510  17.824   1.773         
 0666   510  19.298   1.950         
 0667   510  17.763   1.397         
 0668   510  19.635   1.139         
 0669   510  18.403   1.697         
 0670   510  19.292   1.209         
 0671   510  16.900   2.300         
 0672   510  17.768   1.530         
 0673   510  19.939   1.025         
 0674   510  18.114   1.584         
 0675   510  21.446  -0.063         
 0676   510  19.541   2.200         
 0677   510  18.872   1.670         
 0678   510  19.321   1.576         
 0679   510  21.287  -0.061         
 0680   510  18.104   1.621         
 0681   510  18.323   1.460         
 0682   510  19.207   1.598         
 0683   510  17.065   2.984         
 0684   510  18.574   1.417         
 0685   510  18.303   1.360         
 0686   510  16.936   1.963         
 0687   510  19.508   1.326         
 0688   510  18.851   1.479         
 0689   510  17.642   1.069         
 0690   510  19.748   1.364         
 0691   510  19.330   1.128         
 0692   510  17.186   1.321         
 0693   510  17.804   1.391         
 0694   510  19.102   1.454         
 0695   510  19.656   1.561         
 0696   510  19.105   1.353         
 0697   510  18.462   1.487         
 0698   510  17.875   1.098         
 0699   510  18.877   1.513         
 0700   510  17.881   1.420         
 0701   510  20.836   0.773         
 0702   510  18.598   1.362         
 0703   510  19.603   1.128         
 0704   510  19.514   1.471         
 0705   510  18.176   1.418         
 0706   510  18.679   2.192         
 0707   510  19.301   1.292         
 0708   510  17.872   1.407         
 0709   510  17.232   1.231         
 0710   510  18.796   1.531         
 0711   510  17.894   1.427         
 0712   510  18.346   1.836         
 0713   510  20.583   0.984         
 0714   510  19.163   2.299         
 0715   510  17.973   1.494         
 0716   510  19.020   1.637         
 0717   510  17.755   1.303         
 0718   510  18.604   1.190         
 0719   510  18.366   1.515         
 0720   510  19.713   1.086         
 0721   510  19.310   1.923         
 0722   510  18.945   1.854         
 0723   510  19.200   1.265         
 0724   510  18.132   1.274         
 0725   510  16.630   2.575         
 0726   510  18.770   2.371         
 0727   510  20.982  -0.100         
 0728   510  18.850   1.204         
 0729   510  19.165   1.355         
 0730   510  18.682   1.949         
 0731   510  18.823   1.667         
 0732   510  16.923   3.310         
 0733   510  19.113   1.571         
 0734   510  18.010   1.501         
 0735   510  19.575   1.895         
 0736   510  17.094   1.461         
 0737   510  18.174   1.402         
 0738   510  17.276   2.855         
 0739   510  18.765   2.188         
 0740   510  18.681   2.204         
 0741   510  19.544   1.392         
 0742   510  19.134   1.274         
 0743   510  19.163   1.503         
 0744   510  19.061   2.092         
 0745   510  16.995   2.261         
 0746   510  18.446   2.037         
 0747   510  17.590   1.166         
 0748   510  18.776   1.371         
 0749   510  18.357   1.790         
 0750   510  19.378   1.517         
 0751   510  18.987   1.559         
 0752   510  17.684   1.424         
 0753   510  19.109   1.698         
 0754   510  21.499  -0.318         
 0755   510  20.288   0.656         
 0756   510  18.594   1.223         
 0757   510  19.078   2.113         
 0758   510  20.826   0.265         
 0759   510  19.338   1.714         
 0760   510  17.815   1.473         
 0761   510  18.127   2.344         
 0762   510  18.931   2.914         
 0763   510  18.189   1.958         
 0764   510  18.357   1.474         
 0765   510  19.063   1.473         
 0766   510  18.490   1.262         
 0767   510  18.268   1.478         
 0768   510  18.540   1.038         
 0769   510  17.934   1.101         
 0770   510  20.101   1.127         
 0771   510  18.130   1.679         
 0772   510  21.138   0.580         
 0773   510  19.049   1.580         
 0774   510  18.520   1.487         
 0775   510  19.316   1.742         
 0776   510  19.291   0.976         
 0777   510  21.450  -0.259         
 0778   510  18.445   1.621         
 0779   510  19.942   1.272         
 0780   510  18.691   2.145         
 0781   510  19.956   1.325         
 0782   510  20.893   0.502         
 0783   510  19.570   1.573         
 0784   510  17.717   1.554         
 0785   510  18.472   1.550         
 0786   510  18.381   3.892         
 0787   510  19.201   1.741         
 0788   510  18.601   1.434         
 0789   510  18.396   2.286         
 0790   510  16.432   2.873         
 0791   510  19.758   1.535         
 0792   510  19.156   1.347         
 0793   510  19.043   1.621         
 0794   510  18.400   1.150         
 0795   510  18.606   2.049         
 0796   510  18.482   1.194         
 0797   510  17.670   1.359         
 0798   510  16.928   2.338         
 0799   510  18.015   1.212         
 0800   510  17.865   1.504         
 0801   510  17.644   1.564         
 0802   510  18.889   1.477         
 0803   510  20.983   0.365         
 0804   510  20.082   1.304         
 0805   510  19.283   1.463         
 0806   510  18.809   1.560         
 0807   510  18.122   1.621         
 0808   510  18.122   1.690         
 0809   510  17.515   1.409         
 0810   510  21.034   0.125         
 0811   510  18.411   1.524         
 0812   510  18.006   1.420         
 0813   510  19.351   1.723         
 0814   510  17.805   1.723         
 0815   510  17.872   1.480         
 0816   510  17.692   1.253         
 0817   510  19.319   1.779         
 0818   510  21.258   0.245         
 0819   510  20.212   1.301         
 0820   510  19.023   1.817         
 0821   510  20.281   1.867         
 0822   510  20.865   0.512         
 0823   510  18.437   1.348         
 0824   510  18.121   1.476         
 0825   510  20.462   1.356         
 0826   510  17.402   1.371         
 0827   510  18.181   1.335         
 0828   510  17.442   1.275         
 0829   510  18.644   1.700         
 0830   510  21.424  -0.263         
 0831   510  18.054   1.033         
 0832   510  18.562   1.813         
 0833   510  18.604   1.424         
 0834   510  18.644   1.860         
 0835   510  18.811   1.595         
 0836   510  19.749   1.873         
 0837   510  18.210   1.650         
 0838   510  19.463   1.595         
 0839   510  17.870   1.691         
 0840   510  21.053   0.691         
 0841   510  18.386   1.537         
 0842   510  18.676   2.914         
 0843   510  18.457   1.328         
 0844   510  18.157   1.598         
 0845   510  21.788  -0.186         
 0846   510  18.133   1.527         
 0847   510  20.228   1.463         
 0848   510  21.656   0.008         
 0849   510  17.920   1.303         
 0850   510  18.885   1.447         
 0851   510  18.702   1.740         
 0852   510  19.627   1.928         
 0853   510  18.534   1.591         
 0854   510  18.102   1.263         
 0855   510  16.916   1.454         
 0856   510  20.603   1.191         
 0857   510  18.536   3.249         
 0858   510  20.993   0.285         
 0859   510  19.295   1.481         
 0860   510  18.451   1.490         
 0861   510  17.313   2.209         
 0862   510  19.463   1.193         
 0863   510  21.680  -0.274         
 0864   510  18.631   1.420         
 0865   510  20.162   1.319         
 0866   510  17.736   1.373         
 0867   510  18.333   1.438         
 0868   510  18.647   1.576         
 0869   510  18.011   1.556         
 0870   510  17.378   1.501         
 0871   510  18.175   2.742         
 0872   510  17.986   1.476         
 0873   510  18.365   1.756         
 0874   510  18.203   1.649         
 0875   510  19.566   2.134         
 0876   510  19.888   1.346         
 0877   510  17.114   1.166         
 0878   510  19.246   1.365         
 0879   510  18.591   1.796         
 0880   510  18.567   1.271         
 0881   510  18.477   1.473         
 0882   510  16.459   2.335         
 0883   510  18.829   1.312         
 0884   510  17.336   1.225         
 0885   510  18.323   1.453         
 0886   510  19.010   1.799         
 0887   510  20.214   2.029         
 0888   510  20.506   1.308         
 0889   510  19.143   1.810         
 0890   510  20.417   0.576         
 0891   510  16.331   2.198         
 0892   510  19.365   1.733         
 0893   510  21.171   0.457         
 0894   510  17.814   2.569         
 0895   510  19.330   1.961         
 0896   510  18.178   1.885         
 0897   510  18.112   1.562         
 0898   510  17.994   1.624         
 0899   510  19.224   1.487         
 0900   510  17.438   1.242         
 0901   510  18.372   1.711         
 0902   510  18.484   2.167         
 0903   510  17.957   2.332         
 0904   510  17.506   1.302         
 0905   510  19.019   0.707         
 0906   510  17.888   1.460         
 0907   510  19.058   1.972         
 0908   510  18.738   1.293         
 0909   510  18.916   1.531         
 0910   510  17.475   1.590         
 0911   510  16.727   2.514         
 0912   510  18.997   1.303         
 0913   510  17.605   1.281         
 0914   510  19.211   2.591         
 0915   510  18.748   1.281         
 0916   510  18.482   1.541         
 0917   510  19.330   1.692         
 0918   510  16.061   2.365         
 0919   510  18.972   1.352         
 0920   510  18.410   1.541         
 0921   510  18.753   1.373         
 0922   510  18.881   1.407         
 0923   510  20.780   0.669         
 0924   510  18.539   1.405         
 0925   510  21.205   0.291         
 0926   510  21.566   0.333         
 0927   510  18.304   1.423         
 0928   510  16.860   2.287         
 0929   510  18.803   1.469         
 0930   510  19.023   1.506         
 0931   510  17.681   1.364         
 0932   510  17.627   1.199         
 0933   510  17.248   1.347         
 0934   510  18.593   2.105         
 0935   510  21.874  -0.184         
 0936   510  18.256   1.647         
 0937   510  20.307   1.093         
 0938   510  18.352   1.548         
 0939   510  19.337   1.901         
 0940   510  18.915   1.361         
 0941   510  17.380   2.439         
 0942   510  18.071   1.539         
 0943   510  21.330   0.333         
 0944   510  18.588   1.290         
 0945   510  19.293   1.534         
 0946   510  18.968   1.521         
 0947   510  17.646   1.235         
 0948   510  17.948   2.571         
 0949   510  17.018   1.465         
 0950   510  17.522   1.310         
 0951   510  18.440   1.500         
 0952   510  20.725   1.132         
 0953   510  18.945   1.805         
 0954   510  17.609   1.204         
 0955   510  18.575   1.447         
 0956   510  18.817   1.522         
 0957   510  19.476   1.645         
 0958   510  18.348   1.218         
 0959   510  18.834   1.442         
 0960   510  19.072   1.634         
 0961   510  17.594   1.358         
 0962   510  20.391   1.579         
 0963   510  18.409   1.612         
 0964   510  17.933   1.477         
 0965   510  20.271   1.414         
 0966   510  17.134   2.148         
 0967   510  18.272   1.552         
 0968   510  17.567   1.678         
 0969   510  18.951   1.414         
 0970   510  19.106   1.227         
 0971   510  17.382   1.582         
 0972   510  19.462   1.486         
 0973   510  19.769   1.225         
 0974   510  17.667   1.485         
 0975   510  18.161   1.478         
 0976   510  19.006   1.653         
 0977   510  17.844   1.716         
 0978   510  18.855   2.155         
 0979   510  21.159   0.605         
 0980   510  17.677   1.638         
 0981   510  18.485   1.707         
 0982   510  18.344   3.251         
 0983   510  17.682   1.311         
 0984   510  17.088   1.532         
 0985   510  17.155   1.554         
 0986   510  18.286   1.526         
 0987   510  18.495   1.478         
 0988   510  18.908   1.333         
 0989   510  17.467   1.604         
 0990   510  17.475   1.449         
 0991   510  16.918   1.801         
 0992   510  18.733   1.409         
 0993   510  18.574   1.514         
 0994   510  17.154   1.622         
 0995   510  19.152   1.225         
 0996   510  18.251   1.553         
 0997   510  21.347   0.084         
 0998   510  17.797   1.540         
 0999   510  18.616   1.126         
 1000   510  19.125   1.768         
 1001   510  17.935   1.320         
 1002   510  15.994   1.361         
 1003   510  17.519   1.477         
 1004   510  18.992   2.758         
 1005   510  17.472   1.168         
 1006   510  18.097   1.638         
 1007   510  18.442   1.368         
 1008   510  18.973   1.796         
 1009   510  17.652   1.491         
 1010   510  19.009   1.168         
 1011   510  20.605   0.441         
 1012   510  21.115   0.738         
 1013   510  18.072   1.589         
 1014   510  19.149   1.472         
 1015   510  18.372   1.485         
 1016   510  18.582   1.598         
 1017   510  21.358   0.296         
 1018   510  17.415   1.602         
 1019   510  20.460   0.529         
 1020   510  18.917   1.845         
 1021   510  21.366   0.764         
 1022   510  19.673   1.630         
 1023   510  19.910   2.097         
 1024   510  19.247   1.459         
 1025   510  17.691   1.440         
 1026   510  19.085   1.550         
 1027   510  20.263   0.913         
 1028   510  16.844   1.186         
 1029   510  18.990   1.885         
 1030   510  20.466   0.903         
 1031   510  20.910   0.235         
 1032   510  19.155   2.227         
 1033   510  20.087   0.693         
 1034   510  18.234   1.347         
 1035   510  18.198   1.262         
 1036   510  18.542   1.417         
 1037   510  18.523   1.786         
 1038   510  18.240   1.687         
 1039   510  18.505   1.765         
 1040   510  17.687   1.193         
 1041   510  18.563   2.388         
 1042   510  18.519   1.567         
 1043   510  19.312   2.500         
 1044   510  18.529   1.434         
 1045   510  18.506   1.522         
 1046   510  17.812   1.428         
 1047   510  19.756   2.463         
 1048   510  18.759   1.962         
 1049   510  19.687   1.149         
 1050   510  20.503   1.154         
 1051   510  18.596   2.033         
 1052   510  18.658   1.119         
 1053   510  19.372   1.446         
 1054   510  20.513   1.398         
 1055   510  19.628   0.991         
 1056   510  17.933   2.149         
 1057   510  20.091   0.596         
 1058   510  12.779   1.613         
 1059   510  16.731   2.139         
 1060   510  18.446   1.607         
 1061   510  18.394   1.066         
 1062   510  15.412   3.460         
 1063   510  17.364   2.610         
 1064   510  18.215   1.616         
 1065   510  19.342  -0.441         
 1066   510  18.640   1.515         
 1067   510  18.613   1.362         
 1068   510  18.457   1.815         
 1069   510  18.407   1.274         
 1070   510  18.556   1.482         
 1071   510  19.371   0.508         
 1072   510  19.216   0.778         
 1073   510  19.537   0.660         


