
 No    Ref    V       B-V     U-B

 0001    38  13.600   0.620         
 0002    38  11.140   0.880         
 0002   549  10.715   1.294         
 0003   549  12.430   0.616         
 0004    38  12.720   1.530         
 0004   549  12.726   1.444         
 0005   549  12.774   1.664         
 0006    38  12.910   0.640         
 0006   549  12.914   0.622         
 0007    38  13.080   1.670         
 0007   549  13.092   1.578         
 0008    38  13.450   0.710         
 0008   549  13.457   0.689         
 0009    38  13.430   1.410         
 0009   549  13.451   1.353         
 0010    38  13.440   0.640         
 0010   549  13.449   0.622         
 0011    38  13.590   0.790         
 0011   549  13.594   0.768         
 0012    38  13.580   0.710         
 0012   549  13.583   0.691         
 0013   549  13.607   0.606         
 0014    38  13.690   1.370         
 0014   549  13.711   1.298         
 0015    38  13.710   1.470         
 0015   549  13.720   1.378         
 0016    38  14.060   1.490         
 0016   549  14.086   1.415         
 0017    38  14.680   0.980         
 0017   549  14.682   0.937         
 0018    38  15.120   0.880         
 0018   549  15.144   0.829         
 0019    38  15.010   0.670         
 0019   549  15.013   0.637         
 0020    38  15.420   0.920         
 0020   549  15.439   0.854         
 0021   549  15.663   0.886         
 0022    38  15.780   0.970         
 0022   549  15.792   0.909         
 0023    38  15.710   1.080         
 0023   549  15.731   1.020         
 0024    38  16.250   0.780         
 0024   549  16.267   0.738         
 0026    38  16.630   0.910         
 0026   549  16.641   0.852         
 0027    38  15.240   0.900         
 0027   549  15.256   0.853         
 0028   549  16.048   0.872         
 0029    38  16.930   0.990         
 0029   549  16.952   0.929         
 0030    38  16.730   0.960         
 0030   549  16.751   0.915         
 0031    38  15.850   0.940         
 0031   549  15.862   0.883         
 0032    38  15.940   0.930         
 0032   549  15.932   0.895         
 0033    38  15.840   0.920         
 0033   549  15.850   0.875         
 0034    38  16.560   1.030         
 0035    38  16.940   1.000         
 0035   549  16.949   0.917         
 0036    38  15.850   0.860         
 0036   549  15.856   0.822         
 0037    38  16.390   0.940         
 0037   549  16.406   0.886         
 0038    38  16.670   0.950         
 0038   549  16.689   0.900         
 0039    38  15.860   0.930         
 0039   549  15.886   0.869         
 0040    38  16.040   1.030         
 0040   549  16.054   0.982         
 0041    38  16.000   0.890         
 0041   549  16.019   0.859         
 0042    38  15.980   0.910         
 0042   549  16.006   0.855         
 0043   549  15.449   0.837         
 0044    38  16.110   0.880         
 0044   549  16.124   0.833         
 0045    38  15.140   0.990         
 0045   549  15.162   0.938         
 0046    38  16.520   1.120         
 0046   549  16.540   1.067         
 0047   549  16.739   0.885         
 0048    38  16.130   0.900         
 0048   549  16.134   0.847         
 0049    38  17.010   1.030         
 0049   549  17.038   0.986         
 0050    38  15.730   0.900         
 0050   549  15.736   0.839         
 0051    38  16.370   0.890         
 0051   549  16.364   0.861         
 0052   549  12.084   1.801         
 0053    38  16.950   1.120         
 0053   549  16.974   1.057         
 0054    38  15.180   0.880         
 0054   549  15.191   0.838         
 0055    38  16.820   0.910         
 0055   549  16.828   0.849         
 0056    38  15.540   0.940         
 0056   549  15.548   0.894         
 0057    38  16.250   0.930         
 0057   549  16.274   0.868         
 0058    38  15.530   0.940         
 0058   549  15.566   0.877         
 0059    38  16.170   0.950         
 0059   549  16.191   0.878         
 0060    38  16.470   1.250         
 0060   549  16.499   1.178         
 0061    38  15.790   0.970         
 0061   549  15.805   0.903         
 0062   549  16.849   0.971         
 0063    38  16.610   0.980         
 0063   549  16.618   0.934         
 0064    38  16.090   0.870         
 0064   549  16.111   0.822         
 0065    38  15.990   0.920         
 0066    38  15.420   0.890         
 0066   549  15.435   0.858         
 0067    38  16.510   0.980         
 0067   549  16.545   0.912         
 0068    38  16.020   0.880         
 0068   549  16.027   0.833         
 0069    38  13.060   0.870         
 0069   549  16.061   0.828         
 0070    38  14.900   1.220         
 0070   549  14.898   1.139         
 0071    38  16.280   0.860         
 0071   549  16.281   0.819         
 0072    38  17.050   0.860         
 0072   549  17.066   0.818         
 0073    38  15.730   0.890         
 0073   549  15.745   0.854         
 0075    38  15.390   0.950         
 0075   549  15.400   0.908         
 0076    38  16.560   1.440         
 0076   549  16.562   1.384         
 0077    38  15.860   0.900         
 0077   549  15.877   0.855         
 0078    38  15.190   0.730         
 0078   549  15.204   0.713         
 0079    38  16.900   0.910         
 0079   549  16.902   0.887         
 0080    38  16.940   1.040         
 0080   549  16.925   1.009         
 0081    38  15.310   0.800         
 0081   549  15.301   0.776         
 0082    38  15.860   0.900         
 0082   549  15.855   0.863         
 0083    38  17.020   0.920         
 0083   549  17.022   0.877         
 0084    38  15.600   0.930         
 0084   549  15.611   0.889         
 0085    38  16.530   0.950         
 0085   549  16.546   0.882         
 0086    38  15.220   1.150         
 0086   549  15.230   1.094         
 0087    38  15.580   0.910         
 0087   549  15.593   0.842         
 0088    38  15.690   0.940         
 0088   549  15.696   0.882         
 0089    38  16.260   0.910         
 0089   549  16.280   0.854         
 0090    38  16.410   0.910         
 0090   549  16.427   0.850         
 0091    38  14.190   1.470         
 0091   549  14.204   1.385         
 0092    38  16.350   0.910         
 0092   549  16.368   0.846         
 0093    38  14.870   0.820         
 0093   549  14.894   0.768         
 0094    38  16.570   0.880         
 0094   549  16.588   0.831         
 0095    38  16.440   0.870         
 0095   549  16.449   0.809         
 0096    38  17.090   1.070         
 0096   549  17.093   0.989         
 0097    38  15.940   1.290         
 0097   549  15.964   1.212         
 0098    38  13.430   1.590         
 0098   549  13.454   1.503         
 0099    38  15.340   0.980         
 0099   549  15.341   0.933         
 0100    38  16.480   0.970         
 0100   549  16.491   0.900         
 0101    38  16.370   0.960         
 0101   549  16.377   0.909         
 0102    38  14.600   0.720         
 0102   549  14.604   0.688         
 0103    38  15.680   0.950         
 0103   549  15.697   0.900         
 0104    38  16.890   1.170         
 0104   549  16.907   1.121         
 0105    38  16.210   1.010         
 0105   549  16.229   0.957         
 0106    38  16.420   0.990         
 0106   549  16.426   0.929         
 0107    38  16.340   0.900         
 0107   549  16.353   0.860         
 0108    38  16.750   1.030         
 0108   549  16.779   0.971         
 0109    38  16.210   0.620         
 0109   549  16.235   0.764         
 0110    38  15.370   0.800         
 0110   549  15.381   0.773         
 0111    38  15.760   0.930         
 0111   549  15.767   0.882         
 0112    38  16.910   0.940         
 0112   549  16.924   0.881         
 0113    38  14.600   0.450         
 0113   549  14.601   0.459         
 0114    38  14.190   1.330         
 0114   549  14.211   1.245         
 0115    38  15.870   0.910         
 0115   549  15.878   0.856         
 0116    38  14.890   0.610         
 0116   549  14.889   0.592         
 0117    38  16.460   0.930         
 0117   549  16.471   0.884         
 0118    38  15.750   1.160         
 0118   549  15.767   1.096         
 0119   549  16.674   0.893         
 0120    38  13.970   1.480         
 0120   549  13.995   1.409         
 0121    38  16.410   0.950         
 0121   549  16.438   0.917         
 0122    38  15.950   0.910         
 0122   549  15.947   0.870         
 0123    38  15.590   0.950         
 0123   549  15.606   0.908         
 0124    38  16.030   1.250         
 0125    38  16.950   1.010         
 0125   549  16.970   0.971         
 0126    38  15.440   0.840         
 0126   549  15.448   0.825         
 0127   549  16.213   0.794         
 0128    38  15.840   0.880         
 0128   549  15.832   0.864         
 0129    38  16.960   0.910         
 0129   549  16.963   0.873         
 0130    38  16.910   0.990         
 0130   549  17.006   0.928         
 0131    38  15.770   1.030         
 0131   549  15.783   0.999         
 0132    38  16.730   0.900         
 0132   549  16.731   0.855         
 0133    38  15.730   1.120         
 0133   549  15.744   1.068         
 0134    38  16.420   0.900         
 0134   549  16.433   0.851         
 0135    38  14.370   1.520         
 0135   549  14.375   1.433         
 0136    38  15.190   1.380         
 0136   549  15.205   1.297         
 0137    38  16.340   0.950         
 0137   549  16.350   0.865         
 0138    38  14.690   1.430         
 0138   549  14.715   1.349         
 0139    38  15.750   0.960         
 0139   549  15.766   0.902         
 0140    38  16.120   0.960         
 0140   549  16.125   0.905         
 0141    38  17.050   0.980         
 0141   549  17.037   0.905         
 0142    38  15.650   0.940         
 0142   549  15.641   0.909         
 0143    38  15.970   1.150         
 0143   549  15.968   1.108         
 0144    38  16.440   0.900         
 0144   549  16.441   0.875         
 0145    38  16.970   1.000         
 0145   549  16.976   0.927         
 0146    38  15.060   0.580         
 0146   549  15.065   0.574         
 0147    38  15.450   0.830         
 0147   549  15.477   0.786         
 0148    38  15.380   0.720         
 0148   549  15.365   0.723         
 0149    38  14.130   1.330         
 0149   549  14.142   1.259         
 0150    38  16.280   1.060         
 0150   549  16.307   1.008         
 0151    38  16.370   0.880         
 0151   549  16.403   0.842         
 0152    38  16.290   0.860         
 0152   549  16.311   0.803         
 0153    38  15.820   0.890         
 0153   549  15.837   0.856         
 0154    38  16.600   0.700         
 0154   549  16.617   0.677         
 0155    38  17.010   1.050         
 0155   549  17.027   0.998         
 0156    38  16.900   0.940         
 0156   549  16.928   0.893         
 0157    38  15.870   1.130         
 0157   549  15.882   1.101         
 0158    38  16.480   0.910         
 0158   549  16.486   0.845         
 0159    38  15.540   0.980         
 0160   549  15.882   1.289         
 0161    38  16.110   0.940         
 0161   549  16.122   0.870         
 0162    38  14.910   1.380         
 0162   549  14.926   1.342         
 0163    38  15.420   0.850         
 0163   549  15.441   0.803         
 0164    38  15.770   1.010         
 0164   549  15.765   0.962         
 0165    38  15.910   1.190         
 0165   549  15.920   1.128         
 0166    38  16.300   0.970         
 0166   549  16.299   0.910         
 0167    38  14.890   0.840         
 0167   549  14.868   0.807         
 0168    38  14.560   0.960         
 0169    38  16.930   1.080         
 0169   549  16.947   1.014         
 0170    38  15.390   0.800         
 0170   549  15.390   0.765         
 0171   549  12.552   1.830         
 0172   549  13.777   0.793         
 0173    38  16.870   0.810         
 0173   549  16.900   0.739         
 0174    38  17.020   0.980         
 0174   549  17.035   0.896         
 0175    38  13.650   0.720         
 0175   549  13.639   0.692         
 0176    38  16.330   0.940         
 0176   549  16.343   0.871         
 0177    38  14.860   0.690         
 0177   549  14.860   0.656         
 0178    38  15.960   1.170         
 0178   549  15.984   1.111         
 0179    38  16.330   0.890         
 0179   549  16.350   0.838         
 0180    38  16.160   0.910         
 0180   549  16.171   0.850         
 0181    38  15.140   0.960         
 0181   549  15.151   0.921         
 0182    38  16.020   0.970         
 0182   549  16.031   0.924         
 0183    38  15.030   0.930         
 0183   549  15.038   0.887         
 0184    38  16.260   1.000         
 0184   549  16.251   0.971         
 0185    38  15.430   1.400         
 0185   549  15.452   1.329         
 0186    38  16.430   0.780         
 0186   549  16.436   0.748         
 0187    38  16.490   0.980         
 0187   549  16.510   0.925         
 0188    38  15.070   0.930         
 0188   549  15.089   0.880         
 0189    38  16.780   0.920         
 0189   549  12.742   1.617         
 0190   549  12.927   0.374         
 0191    38  13.520   1.580         
 0191   549  13.531   1.498         
 0192    38  13.790   1.370         
 0192   549  13.788   1.303         
 0193    38  14.200   0.450         
 0193   549  14.216   0.447         
 0194    38  14.460   0.400         
 0194   549  14.475   0.403         
 0195    38  16.220   1.120         
 0196    38  14.900   0.990         
 0196   549  14.903   0.936         
 0197    38  15.120   0.970         
 0197   549  15.116   0.926         
 0198    38  15.260   1.040         
 0198   549  15.268   1.006         
 0199    38  15.570   0.920         
 0199   549  15.562   0.885         
 0200    38  15.440   1.010         
 0200   549  15.449   0.967         
 0201    38  15.530   1.230         
 0201   549  15.582   1.152         
 0202    38  15.670   0.880         
 0202   549  15.686   0.849         
 0203    38  15.940   0.940         
 0203   549  15.941   0.909         
 0204    38  16.020   0.960         
 0204   549  16.069   0.896         
 0205    38  16.030   0.810         
 0205   549  16.035   0.759         
 0207    38  15.950   0.800         
 0208    38  13.950   1.160         
 0208   549  13.969   1.107         
 0209   549  14.444   0.655         
 0210    38  13.480   1.430         
 0210   549  13.482   1.355         
 0211    38  13.400   0.760         
 0211   549  13.405   0.746         
 0212   549  13.885   0.789         
 0213   549  15.123   0.917         
 0214   549  13.643   0.575         
 0215    38  14.600   1.640         
 0215   549  14.614   1.555         
 0216   549  15.489   1.328         
 0217    38  15.280   0.820         
 0217   549  15.298   0.785         
 0219    38  15.580   1.000         
 0219   549  15.573   0.941         
 0220    38  15.080   1.000         
 0221   549  15.490   0.976         
 0222    38  12.710   1.790         
 0222   549  12.736   1.699         
 0223    38  14.820   1.650         
 0223   549  14.868   1.579         
 0224    38  13.140   1.740         
 0224   549  13.146   1.647         
 0225    38  12.970   0.850         
 0225   549  12.967   0.813         
 0226    38  15.390   1.370         
 0226   549  15.405   1.305         
 0227   549  12.657   0.783         
 0228   549  14.715   0.773         
 0229    38  15.310   1.190         
 0229   549  15.311   1.134         
 0230    38  15.450   1.600         
 0230   549  15.465   1.496         
 0231   549  15.502   0.946         
 0232    38  14.680   1.380         
 0232   549  14.686   1.317         
 0233   549  13.668   1.396         
 0234    38  14.920   1.170         
 0234   549  14.929   1.094         
 0235    38  13.990   1.540         
 0235   549  14.005   1.451         
 0236    38  14.170   0.750         
 0238    38  13.890   0.670         
 0238   549  13.900   0.642         
 0240   549  14.443   0.539         
 0241    38  14.440   0.540         
 0241   549  13.935   0.748         
 0245   549  13.974   1.527         
 0246   549  12.476   0.947         
 0247   549  13.929   0.753         
 0251   549  15.523   0.956         
 0255    38  15.170   0.880         
 0255   549  15.205   0.861         
 0256   549  14.879   1.119         
 0257    38  14.420   0.680         
 0257   549  14.420   0.675         
 0258   549  13.881   1.348         
 0259   549  13.274   1.943         
 0265   549  14.008   0.854         
 0272   549  13.943   0.725         
 0275   549  12.982   0.715         
 0276   549  15.524   0.832         
 0281   549  15.547   0.852         
 0284   549  15.168   1.440         
 0285   549  14.456   0.833         
 0286   549  14.019   1.526         
 0287   549  14.675   0.742         
 0288   549  15.075   1.197         
 0289   549  14.279   0.881         
 0290   549  14.710   0.767         
 0295   549  15.138   1.346         
 0296   549  14.389   1.376         
 0301   549  15.361   0.927         
 0303   549  15.294   1.242         
 0304   549  15.324   0.822         
 0305   549  11.302   0.792         
 0307   549  15.455   0.912         
 1001    38  17.320   1.010         
 1001   549  17.332   0.947         
 1002    38  16.920   0.960         
 1002   549  16.925   0.904         
 1003    38  17.270   1.080         
 1003   549  17.309   1.004         
 1004    38  17.930   1.140         
 1004   549  17.942   1.031         
 1005    38  15.950   0.960         
 1005   549  15.971   0.946         
 1006    38  18.580   0.820         
 1006   549  18.566   0.799         
 1007    38  17.710   1.020         
 1007   549  17.706   0.950         
 1008    38  18.000   0.930         
 1008   549  17.983   0.882         
 1009    38  16.370   1.160         
 1009   549  16.376   1.120         
 1011    38  18.280   1.020         
 1011   549  18.297   0.924         
 1012    38  17.100   1.130         
 1012   549  17.104   1.097         
 1013    38  17.450   0.780         
 1013   549  17.455   0.772         
 1014    38  15.440   1.370         
 1014   549  15.438   1.302         
 1015    38  17.360   1.040         
 1015   549  17.382   0.956         
 1016    38  18.010   0.910         
 1016   549  18.031   0.820         
 1019    38  16.040   0.960         
 1019   549  16.054   0.893         
 1020    38  16.610   0.890         
 1020   549  16.598   0.855         
 1021    38  17.660   0.940         
 1021   549  17.666   0.897         
 1022    38  18.780   1.100         
 1022   549  18.787   1.132         
 1025    38  17.470   1.150         
 1025   549  17.481   1.098         
 1028    38  19.180   1.430         
 1028   549  19.227   1.292         
 1031    38  15.860   0.950         
 1031   549  15.905   0.897         
 1032    38  19.020   0.960         
 1032   549  19.025   0.930         
 1035    38  16.130   0.900         
 1035   549  16.132   0.887         
 1037    38  17.070   1.560         
 1037   549  17.081   1.417         
 1040    38  19.350   0.900         
 1040   549  19.282   1.074         
 1042    38  16.740   0.890         
 1042   549  16.758   0.820         
 1043    38  16.390   0.990         
 1043   549  16.411   0.928         
 1045    38  17.130   0.960         
 1045   549  17.140   0.925         
 1046    38  16.420   0.850         
 1046   549  16.428   0.810         
 1048    38  18.150   1.240         
 1048   549  18.124   1.210         
 1049    38  18.570   1.310         
 1049   549  18.603   1.312         
 1053    38  16.860   1.020         
 1053   549  16.875   0.958         
 1057    38  16.260   1.380         
 1057   549  16.293   1.308         
 1059    38  17.950   1.100         
 1059   549  17.957   1.020         
 1062    38  18.030   1.100         
 1062   549  18.068   1.048         
 1063    38  16.580   0.940         
 1063   549  16.609   0.896         
 1064    38  17.400   0.970         
 1064   549  17.416   0.918         
 1067    38  18.210   1.080         
 1067   549  18.203   1.004         
 1068    38  17.920   0.920         
 1068   549  17.930   0.838         
 1071    38  17.100   0.700         
 1071   549  17.119   0.689         
 1076    38  18.450   0.970         
 1076   549  18.458   0.849         
 1077    38  17.460   0.980         
 1078    38  16.050   0.910         
 1078   549  16.067   0.867         
 1082    38  17.080   0.920         
 1082   549  17.101   0.860         
 1083    38  20.600   1.300         
 1084    38  17.130   0.930         
 1084   549  17.137   0.875         
 1085    38  17.520   0.990         
 1085   549  17.544   0.955         
 1086    38  18.380   1.040         
 1086   549  18.378   1.014         
 1087    38  18.330   0.880         
 1087   549  18.350   0.849         
 1088    38  15.730   0.960         
 1088   549  15.759   0.915         
 1090    38  19.850   0.940         
 1090   549  19.877   0.977         
 1092    38  18.000   1.030         
 1092   549  18.039   1.042         
 1097    38  17.160   0.970         
 1097   549  17.190   0.905         
 1101    38  17.550   1.040         
 1101   549  17.592   0.961         
 1102    38  15.970   0.870         
 1103    38  17.030   1.020         
 1103   549  17.050   0.960         
 1105    38  16.410   0.910         
 1105   549  16.426   0.854         
 1107    38  17.810   1.010         
 1108    38  17.030   1.380         
 1108   549  17.086   1.259         
 1111    38  18.030   1.000         
 1111   549  18.079   0.858         
 1116    38  15.060   1.400         
 1117    38  17.220   1.100         
 1117   549  17.249   1.037         
 1118    38  16.590   1.520         
 1118   549  16.617   1.416         
 1120    38  19.300   1.000         
 1120   549  19.328   0.854         
 1123    38  20.090   0.950         
 1123   549  19.874   1.126         
 1125    38  15.440   0.880         
 1127    38  17.520   0.990         
 1127   549  17.542   0.956         
 1129    38  18.990   1.080         
 1134    38  15.890   1.340         
 1135    38  17.040   0.940         
 1135   549  17.082   0.877         
 1137    38  17.890   1.070         
 1137   549  17.926   1.036         
 1138    38  17.340   0.940         
 1138   549  17.328   0.935         
 1139    38  17.060   1.050         
 1139   549  17.106   0.984         
 1140    38  16.440   0.940         
 1140   549  16.442   0.900         
 1141    38  18.890   1.000         
 1142    38  17.440   0.290         
 1142   549  17.684   0.962         
 1143    38  16.950   1.030         
 1143   549  16.960   0.942         
 1145    38  19.550   1.320         
 1146    38  17.440   0.970         
 1146   549  17.496   0.920         
 1147    38  18.420   1.040         
 1147   549  18.483   0.983         
 1150    38  17.760   1.260         
 1150   549  17.782   1.200         
 1151    38  19.420   0.900         
 1151   549  19.350   0.843         
 1152    38  16.580   1.000         
 1152   549  16.618   0.937         
 1153    38  17.830   1.110         
 1153   549  17.872   1.051         
 1158    38  17.000   0.990         
 1161    38  17.810   1.110         
 1161   549  17.874   1.021         
 1162    38  17.690   1.390         
 1162   549  17.768   1.286         
 1163    38  19.560   1.590         
 1164    38  16.550   0.990         
 1164   549  16.566   0.915         
 1166    38  15.870   0.950         
 1166   549  15.874   0.897         
 1168    38  17.680   1.010         
 1168   549  17.682   0.987         
 1169    38  16.810   0.990         
 1169   549  16.805   0.925         
 1172    38  17.370   1.030         
 1172   549  17.405   0.993         
 1178    38  16.760   0.930         
 1178   549  16.775   0.891         
 1180    38  17.270   1.010         
 1180   549  17.274   0.934         
 1182    38  17.180   0.950         
 1182   549  17.195   0.892         
 1183    38  17.350   0.990         
 1183   549  17.363   0.924         
 1186    38  17.320   1.000         
 1186   549  17.315   0.946         
 1187    38  17.630   1.040         
 1189    38  17.550   0.690         
 1189   549  17.546   0.664         
 1190    38  19.440   0.880         
 1195    38  16.890   0.930         
 1195   549  16.896   0.877         
 1197    38  17.750   1.010         
 1197   549  17.770   0.985         
 1199    38  15.820   1.330         
 1202    38  17.440   1.030         
 1202   549  17.464   0.965         
 1205    38  17.220   1.060         
 1205   549  17.238   0.991         
 1207    38  17.330   0.920         
 1209    38  17.350   1.080         
 1209   549  17.347   1.044         
 1210    38  17.140   0.990         
 1210   549  17.147   0.928         
 1211    38  16.540   1.050         
 1211   549  16.546   0.977         
 1213    38  18.000   1.150         
 1213   549  18.019   0.995         
 1214    38  17.580   1.090         
 1214   549  17.581   1.039         
 1217    38  17.580   1.100         
 1217   549  17.581   1.019         
 1218    38  19.270   1.180         
 1218   549  19.272   1.051         
 1219    38  18.630   1.160         
 1219   549  18.626   1.044         
 1221    38  17.430   1.070         
 1221   549  17.442   0.992         
 1223    38  16.730   0.940         
 1223   549  16.753   0.894         
 1225    38  17.840   1.130         
 1225   549  17.859   1.041         
 1232    38  18.760   1.000         
 1232   549  18.852   0.968         
 1233    38  18.430   1.460         
 1233   549  18.476   1.263         
 1234    38  17.550   1.390         
 1234   549  17.630   1.218         
 1235    38  17.210   0.990         
 1235   549  17.311   0.935         
 1236    38  17.450   0.920         
 1236   549  17.475   0.860         
 1237    38  16.690   0.890         
 1237   549  16.718   0.840         
 1238    38  17.880   0.920         
 1238   549  17.897   0.868         
 1239    38  18.830   1.050         
 1239   549  18.800   1.015         
 1240    38  18.460   1.120         
 1240   549  18.458   1.007         
 1241    38  16.600   0.770         
 1241   549  16.603   0.754         
 1243    38  17.640   0.870         
 1243   549  17.644   0.856         
 1244    38  18.430   1.010         
 1244   549  18.432   0.902         
 1245    38  17.270   1.110         
 1245   549  17.291   1.087         
 1246    38  19.330   1.230         
 1246   549  19.353   1.008         
 1248    38  18.980   0.880         
 1248   549  18.993   0.957         
 1249    38  17.150   1.090         
 1249   549  17.188   1.059         
 1250    38  18.280   0.790         
 1250   549  18.302   0.842         
 1251    38  18.500   1.050         
 1251   549  18.493   0.948         
 1252    38  15.810   1.510         
 1252   549  15.818   1.448         
 1253    38  18.740   0.820         
 1253   549  18.743   0.872         
 1255    38  19.450   1.010         
 1255   549  19.507   1.122         
 1256    38  17.510   1.130         
 1256   549  17.507   1.115         
 1257    38  17.370   0.950         
 1257   549  17.349   0.924         
 1258    38  16.740   1.110         
 1258   549  16.779   1.070         
 1259    38  17.290   1.160         
 1259   549  17.304   1.127         
 1260    38  17.510   0.960         
 1260   549  17.557   0.911         
 1264    38  17.030   1.020         
 1264   549  17.066   0.919         
 1265    38  16.380   0.980         
 1265   549  16.414   0.884         
 1266    38  17.170   1.070         
 1266   549  17.203   1.004         
 1267    38  19.840   1.200         
 1267   549  19.812   0.991         
 1268    38  17.270   0.950         
 1268   549  17.270   0.918         
 1269    38  16.450   0.850         
 1269   549  16.460   0.826         
 1275    38  16.860   1.050         
 1275   549  16.954   0.987         
 1286    38  16.890   1.560         
 1286   549  16.890   1.513         
 1287    38  16.890   1.040         
 1287   549  16.913   0.990         
 1289    38  16.580   0.910         
 1289   549  16.593   0.857         
 1292    38  17.220   0.880         
 1292   549  17.227   0.805         
 1299    38  19.210   1.290         
 1299   549  18.874   1.225         
 1302    38  17.180   0.980         
 1302   549  17.197   0.903         
 1303    38  14.870   1.730         
 1303   549  14.901   1.635         
 1305    38  17.430   1.300         
 1305   549  17.421   1.218         
 1306    38  17.750   0.880         
 1306   549  17.765   0.822         
 1307    38  17.220   0.960         
 1307   549  17.210   0.913         
 1316    38  18.530   1.060         
 1316   549  18.541   1.075         
 1317    38  17.910   0.960         
 1317   549  17.922   0.854         
 1318    38  18.180   1.180         
 1318   549  18.196   1.068         
 1321    38  17.440   0.870         
 1321   549  17.489   0.815         
 1322    38  18.300   0.870         
 1322   549  18.322   0.805         
 1323    38  17.330   0.970         
 1323   549  17.329   0.917         
 1325    38  17.280   0.920         
 1325   549  17.287   0.854         
 1329    38  17.610   1.020         
 1329   549  17.623   0.943         
 1332    38  14.520   0.980         
 1335    38  18.480   0.920         
 1335   549  18.493   0.855         
 1337    38  18.090   1.050         
 1337   549  18.093   0.990         
 1339    38  17.810   1.110         
 1339   549  17.824   1.017         
 1343    38  18.060   1.190         
 1343   549  18.091   1.023         
 1344    38  17.170   0.940         
 1344   549  17.206   0.837         
 1345    38  17.390   1.020         
 1345   549  17.415   0.937         
 1346    38  16.820   0.910         
 1346   549  16.835   0.845         
 1347    38  17.000   1.010         
 1347   549  17.017   0.928         
 1349    38  13.920   0.780         
 1351    38  17.320   1.000         
 1351   549  17.315   0.917         
 1352    38  17.560   0.890         
 1352   549  17.568   0.814         
 1356    38  17.710   1.320         
 1356   549  17.696   1.340         
 1357    38  16.360   1.000         
 1357   549  16.404   0.924         
 1359    38  16.970   0.950         
 1359   549  16.992   0.894         
 1363    38  18.030   0.930         
 1363   549  18.032   0.874         
 1364    38  18.780   1.550         
 1364   549  18.842   1.324         
 1365    38  17.240   0.880         
 1365   549  17.259   0.833         
 1367    38  17.750   1.010         
 1367   549  17.782   0.907         
 1370    38  16.390   0.980         
 1370   549  16.392   0.909         
 1371    38  17.150   1.020         
 1371   549  17.174   0.946         
 1372    38  15.890   0.960         
 1372   549  15.899   0.902         
 1375    38  17.550   1.060         
 1375   549  17.566   0.947         
 1376    38  15.900   0.880         
 1376   549  15.934   0.811         
 1378    38  12.720   1.710         
 1380    38  17.860   1.130         
 1380   549  17.897   1.049         
 1381    38  17.370   1.170         
 1382    38  17.380   0.990         
 1382   549  17.400   0.842         
 1384    38  16.280   0.950         
 1384   549  16.274   0.936         
 1385    38  16.510   1.180         
 1385   549  16.500   1.138         
 1386    38  15.990   0.960         
 1386   549  15.993   0.947         
 1388    38  16.370   0.940         
 1388   549  16.366   0.928         
 1389    38  15.750   0.810         
 1389   549  15.750   0.806         
 1390    38  18.590   1.070         
 1390   549  18.577   0.958         
 1391    38  16.250   0.880         
 1391   549  16.248   0.855         
 1392    38  19.070   0.980         
 1392   549  19.072   1.070         
 1396    38  16.900   1.030         
 1396   549  16.885   0.990         
 1397    38  17.240   0.990         
 1397   549  17.243   0.935         
 1398    38  16.140   0.960         
 1398   549  16.134   0.931         
 1401    38  17.680   1.130         
 1401   549  17.680   1.096         
 1402    38  17.090   1.040         
 1402   549  17.097   0.991         
 1403    38  18.110   0.870         
 1403   549  18.093   0.828         
 1406    38  17.540   1.000         
 1406   549  17.607   0.887         
 1409    38  19.460   0.880         
 1409   549  19.260   1.066         
 1410    38  17.050   0.940         
 1410   549  17.053   0.900         
 1411    38  18.070   0.940         
 1411   549  18.068   0.882         
 1413    38  17.110   1.140         
 1413   549  17.116   1.085         
 1423    38  19.640   0.950         
 1423   549  19.590   0.964         
 1426    38  17.250   1.090         
 1426   549  17.266   1.019         
 1430    38  15.400   2.030         
 1431    38  17.470   1.010         
 2000   549  18.767   1.449         
 2001   549  19.549   0.859         
 2002   549  20.243   1.088         
 2003   549  18.537   0.824         
 2004   549  19.622   0.789         
 2005   549  19.835   0.910         
 2006   549  19.920   1.418         
 2007   549  20.000   1.191         
 2008   549  17.677   0.857         
 2009   549  17.950   0.832         
 2010   549  19.199   0.893         
 2011   549  19.871   1.700         
 2012   549  19.554   1.376         
 2013   549  16.848   0.873         
 2014   549  18.123   0.932         
 2015   549  17.017   1.281         
 2016   549  17.404   1.382         
 2017   549  19.329   0.949         
 2018   549  16.257   1.181         
 2019   549  18.515   0.989         
 2020   549  16.646   0.906         
 2021   549  17.920   1.259         
 2022   549  16.453   0.856         
 2023   549  18.654   1.178         
 2024   549  18.727   0.831         
 2025   549  16.257   0.905         
 2026   549  19.639   1.013         
 2027   549  19.650   1.379         
 2028   549  17.046   1.286         
 2029   549  17.368   1.117         
 2030   549  16.686   1.368         
 2031   549  18.879   0.921         
 2032   549  19.228   1.018         
 2033   549  16.564   1.044         
 2034   549  19.687   0.880         
 2035   549  15.804   0.949         
 2036   549  19.300   1.345         
 2037   549  19.966   1.518         
 2038   549  19.613   1.583         
 2039   549  20.335   1.143         
 2040   549  17.198   0.886         
 2041   549  19.412   1.324         
 2042   549  20.111   0.961         
 2043   549  19.281   0.840         
 2044   549  19.807   1.037         
 2045   549  18.272   1.316         
 2046   549  18.995   1.074         
 2047   549  15.797   0.776         
 2048   549  17.970   1.003         
 2049   549  18.490   1.418         
 2050   549  20.081   1.137         
 2051   549  20.139   0.972         
 2052   549  19.918   0.987         
 2053   549  18.377   0.889         
 2054   549  19.209   1.041         
 2055   549  18.776   0.946         
 2056   549  20.295   0.741         
 2057   549  18.837   1.216         
 2058   549  17.515   1.064         
 2059   549  20.192   1.006         
 2060   549  18.912   0.920         
 2061   549  18.358   1.280         
 2062   549  17.745   1.062         
 2063   549  19.770   0.968         
 2064   549  20.212   1.125         
 2065   549  18.792   1.008         
 2066   549  19.523   1.196         
 2067   549  19.436   0.813         
 2068   549  19.593   1.611         
 2069   549  20.192   1.137         
 2070   549  18.755   0.907         
 2071   549  17.827   0.833         
 2072   549  19.707   1.307         
 2073   549  20.139   1.038         
 2075   549  19.672   1.333         
 2076   549  19.089   1.119         
 2078   549  15.283   1.407         
 2080   549  19.209   1.165         
 2081   549  19.276   0.871         
 2082   549  19.979   1.057         
 2083   549  18.237   1.340         
 2084   549  20.683   0.824         
 2085   549  16.272   0.803         
 2086   549  19.947   0.989         
 2091   549  17.542   0.863         
 2092   549  19.915   0.960         
 2093   549  19.646   1.264         
 2095   549  19.519   0.959         
 2096   549  19.534   1.578         
 2097   549  19.516   1.060         
 2098   549  19.398   1.049         
 2101   549  19.451   1.082         
 2103   549  18.601   1.071         
 2108   549  18.797   1.026         
 2109   549  20.092   1.188         
 2110   549  20.414   0.841         
 2111   549  19.083   1.028         
 2114   549  16.729   1.021         
 2115   549  19.530   0.941         
 2116   549  20.114   1.205         
 2119   549  18.548   0.800         
 2120   549  20.078   0.972         
 2121   549  18.667   0.975         
 2122   549  16.373   1.040         
 2123   549  19.346   1.178         
 2124   549  17.522   0.963         
 2125   549  20.510   0.930         
 2126   549  19.090   1.050         
 2127   549  19.065   0.850         
 2129   549  18.107   1.360         
 2130   549  19.607   1.347         
 2132   549  19.857   0.881         
 2133   549  19.699   1.363         
 2134   549  19.543   0.790         
 2135   549  20.161   1.411         
 2136   549  16.193   1.042         
 2138   549  20.131   1.401         
 2141   549  19.223   1.342         
 2143   549  20.061   0.992         
 2144   549  19.132   1.285         
 2145   549  18.844   1.222         
 2146   549  18.646   1.162         
 2147   549  19.557   0.971         
 2148   549  18.299   1.212         
 2149   549  20.196   1.156         
 2151   549  19.865   1.129         
 2152   549  20.296   0.986         
 2154   549  19.962   1.045         
 2155   549  17.393   0.883         
 2156   549  20.340   0.938         
 2157   549  20.622   0.807         
 2160   549  18.009   0.993         
 2161   549  19.120   1.219         
 2163   549  20.001   0.845         
 2164   549  17.130   1.003         
 2166   549  18.757   0.956         
 2168   549  20.236   0.869         
 2170   549  19.240   0.998         
 2172   549  20.222   0.950         
 2173   549  16.796   0.883         
 2174   549  16.730   0.805         
 2176   549  15.923   0.900         
 2177   549  18.896   1.236         
 2178   549  19.302   1.078         
 2179   549  19.902   1.406         
 2180   549  17.399   0.991         
 2184   549  20.709   0.754         
 2185   549  19.509   1.141         
 2187   549  19.301   0.873         
 2188   549  19.596   1.384         
 2189   549  17.684   0.846         
 2192   549  16.138   0.893         
 2194   549  15.962   0.854         
 2195   549  19.597   1.588         
 2196   549  19.496   1.128         
 2197   549  16.535   0.776         
 2198   549  17.533   0.952         
 2200   549  16.188   1.520         
 2203   549  18.986   0.918         
 2204   549  17.925   1.544         
 2207   549  17.662   0.895         
 2208   549  19.399   1.232         
 2211   549  16.178   1.000         
 2213   549  18.444   1.056         
 2214   549  18.758   1.059         
 2215   549  18.953   0.962         
 2217   549  20.366   1.060         
 2221   549  16.411   0.856         
 2222   549  19.568   1.002         
 2223   549  20.270   0.669         
 2224   549  17.514   0.838         
 2225   549  19.720   0.814         
 2226   549  17.343   0.818         
 2228   549  19.020   1.660         
 2229   549  19.308   1.260         
 2233   549  20.308   0.966         
 2234   549  19.265   1.145         
 2236   549  17.766   0.836         
 2240   549  19.619   1.248         
 2241   549  18.944   0.808         
 2242   549  18.912   1.429         
 2243   549  16.375   0.786         
 2244   549  19.732   0.818         
 2245   549  20.028   0.868         
 2246   549  18.636   1.558         
 2247   549  16.575   1.283         
 2248   549  19.916   0.802         
 2250   549  17.966   1.009         
 2251   549  18.905   1.076         
 2252   549  17.083   1.166         
 2253   549  17.087   1.012         
 2254   549  19.656   1.047         
 2255   549  19.029   0.910         
 2256   549  18.202   1.209         
 2257   549  20.130   1.250         
 2258   549  17.503   1.473         
 2261   549  19.031   1.248         
 2262   549  16.382   0.938         
 2265   549  16.697   0.867         
 2266   549  18.536   0.966         
 2269   549  19.500   0.923         
 2271   549  19.615   1.506         
 2273   549  16.803   1.281         
 2274   549  18.639   1.097         
 2275   549  18.029   1.051         
 2276   549  19.416   0.835         
 2277   549  18.770   1.012         
 2278   549  20.293   1.031         
 2280   549  20.001   1.155         
 2282   549  17.943   1.030         
 2283   549  19.431   0.936         
 2285   549  17.910   1.233         
 2287   549  15.921   0.872         
 2288   549  15.679   0.876         
 2290   549  19.244   1.463         
 2291   549  18.412   1.078         
 2292   549  16.499   1.502         
 2293   549  16.125   0.891         
 2294   549  18.566   0.853         
 2295   549  19.628   1.465         
 2297   549  20.112   1.280         
 2299   549  18.475   0.997         
 2300   549  19.542   0.876         
 2301   549  18.405   0.811         
 2303   549  18.133   1.495         
 2305   549  19.265   0.901         
 2307   549  19.167   1.598         
 2308   549  19.299   0.868         
 2310   549  16.815   0.852         
 2312   549  19.310   0.893         
 2313   549  19.674   0.857         
 2314   549  19.277   1.011         
 2315   549  19.565   1.117         
 2316   549  18.335   1.088         
 2317   549  16.433   0.910         
 2318   549  19.958   1.497         
 2319   549  19.064   1.534         
 2320   549  18.344   0.825         
 2321   549  18.686   0.895         
 2322   549  17.626   0.956         
 2323   549  15.953   0.798         
 2324   549  20.201   0.903         
 2325   549  18.825   0.859         
 2326   549  17.003   0.804         
 2327   549  19.993   1.270         
 2328   549  20.150   1.013         
 2329   549  19.615   1.019         
 2330   549  19.239   1.211         
 2331   549  18.217   1.217         
 2334   549  18.583   1.031         
 2335   549  16.157   1.049         
 2336   549  17.769   0.996         
 2337   549  19.243   1.242         
 2338   549  19.552   1.155         
 2339   549  19.325   0.823         
 2340   549  19.389   1.316         
 2341   549  19.584   0.828         
 2343   549  20.361   0.912         
 2344   549  19.028   0.973         
 2345   549  17.974   1.070         
 2346   549  19.929   1.087         
 2347   549  19.658   1.234         
 2348   549  14.179   0.746         
 2351   549  19.131   0.998         
 2352   549  18.984   0.882         
 2353   549  19.506   0.771         
 2354   549  20.251   1.050         
 2355   549  18.728   1.176         
 2356   549  19.741   0.953         
 2358   549  18.835   1.271         
 2360   549  19.699   0.976         
 2361   549  18.757   0.947         
 2362   549  18.097   0.937         
 2363   549  19.892   1.625         
 2364   549  19.427   1.161         
 2365   549  19.850   1.118         
 2369   549  19.700   1.155         
 2370   549  19.376   0.874         
 2371   549  18.797   0.912         
 2375   549  18.459   0.887         
 2376   549  19.220   0.893         
 2379   549  19.880   0.894         
 2381   549  19.681   0.964         
 2385   549  19.901   1.170         
 2386   549  20.027   1.175         
 2387   549  20.278   0.937         
 2390   549  17.640   1.104         
 2391   549  18.839   0.952         
 2392   549  19.492   1.151         
 2393   549  19.068   0.892         
 2394   549  19.294   1.096         
 2395   549  19.082   0.966         
 2396   549  17.353   0.940         
 2397   549  18.879   1.218         
 2399   549  18.910   0.770         
 2401   549  17.963   0.966         
 2402   549  18.941   1.260         
 2404   549  15.823   1.896         
 2405   549  18.473   1.208         
 2406   549  19.943   1.601         
 2407   549  18.462   1.189         
 2410   549  18.497   1.077         
 2411   549  20.459   1.022         
 2412   549  19.971   0.948         
 2413   549  18.869   1.228         
 2414   549  18.524   1.282         
 2415   549  18.089   0.955         
 2417   549  18.556   1.129         
 2418   549  19.256   1.067         
 2419   549  18.330   1.151         
 2422   549  19.294   1.386         
 2423   549  20.247   1.221         
 2424   549  18.258   1.124         
 2425   549  19.619   1.169         
 2427   549  18.242   0.930         
 2429   549  17.558   0.846         
 2430   549  16.948   1.029         
 2431   549  17.804   0.890         
 2432   549  20.103   1.140         
 2435   549  19.972   1.272         
 2436   549  17.717   0.934         
 2438   549  20.086   0.881         
 2439   549  19.991   0.849         
 2440   549  18.616   0.888         
 2441   549  19.415   1.030         
 2442   549  19.873   1.214         
 2443   549  19.585   1.425         
 2445   549  18.145   1.038         
 2446   549  19.470   1.008         
 2447   549  19.517   1.272         
 2449   549  18.762   0.954         
 2450   549  19.988   1.334         
 2451   549  19.833   1.186         
 2452   549  20.378   0.946         
 2453   549  17.246   0.931         
 2454   549  20.440   0.990         
 2455   549  19.988   0.987         
 2456   549  16.148   1.221         
 2459   549  17.260   1.081         
 2460   549  15.685   0.882         
 2462   549  18.960   0.904         
 2463   549  20.202   1.174         
 2466   549  19.491   1.208         
 2467   549  18.795   0.944         
 2469   549  19.886   0.884         
 2470   549  17.309   1.621         
 2473   549  18.119   0.876         
 2475   549  18.103   1.056         
 2478   549  19.825   1.136         
 2480   549  19.542   0.925         
 2481   549  20.434   0.997         
 2482   549  18.202   1.081         
 2484   549  19.814   1.311         
 2485   549  17.892   1.165         
 2486   549  17.737   1.093         
 2488   549  15.559   0.928         
 2490   549  18.183   1.051         
 2491   549  19.664   0.907         
 2492   549  18.119   1.110         
 2493   549  17.738   0.918         
 2497   549  20.365   0.925         
 2498   549  19.178   1.143         
 2500   549  19.661   1.209         
 2502   549  18.217   1.073         
 2504   549  17.389   1.127         
 2505   549  17.014   0.861         
 2506   549  17.825   1.567         
 2507   549  18.733   1.160         
 2508   549  17.389   0.956         
 2510   549  18.174   1.080         
 2511   549  18.917   1.194         
 2512   549  18.820   0.844         
 2513   549  17.566   0.983         
 2518   549  18.182   1.082         
 2520   549  19.083   1.247         
 2522   549  20.406   0.896         
 2523   549  19.385   0.800         
 2524   549  19.681   1.293         
 2525   549  20.229   0.878         
 2526   549  19.887   1.120         
 2527   549  19.338   0.980         
 2528   549  18.307   1.177         
 2530   549  18.247   1.209         
 2531   549  18.802   1.095         
 2532   549  19.363   1.036         
 2533   549  18.840   1.105         
 2534   549  19.617   1.105         
 2535   549  18.614   0.850         
 2537   549  20.150   0.959         
 2539   549  19.619   0.930         
 2541   549  16.631   0.947         
 2543   549  20.387   0.945         
 2545   549  20.341   1.041         
 2546   549  19.589   1.538         
 2547   549  18.889   1.077         
 2548   549  18.462   1.566         
 2550   549  20.359   0.933         
 2551   549  18.247   1.483         
 2552   549  20.135   1.080         
 2555   549  18.359   0.952         
 2556   549  19.292   0.908         
 2557   549  18.444   0.946         
 2558   549  19.040   0.866         
 2559   549  20.056   1.170         
 2560   549  18.056   1.059         
 2561   549  20.601   0.931         
 2562   549  19.097   1.059         
 2565   549  19.839   1.107         
 2568   549  19.763   0.858         
 2570   549  20.090   1.535         
 2571   549  19.221   0.964         
 2573   549  18.016   1.056         
 2574   549  20.407   0.991         
 2575   549  19.772   0.888         
 2581   549  20.208   1.013         
 2582   549  19.785   0.895         
 2583   549  19.781   1.027         
 2584   549  20.061   0.840         
 2585   549  17.351   0.914         
 2586   549  17.326   0.940         
 2589   549  19.071   1.063         
 2590   549  19.772   1.368         
 2591   549  19.255   1.175         
 2592   549  18.339   0.826         
 2593   549  20.124   1.025         
 2594   549  19.270   0.872         
 2595   549  18.359   1.149         
 2597   549  18.412   1.447         
 2598   549  19.428   1.111         
 2599   549  19.747   1.435         
 2600   549  16.013   1.896         
 2602   549  17.875   1.094         
 2606   549  16.687   1.039         
 2607   549  19.224   1.006         
 2609   549  20.041   1.286         
 2610   549  20.147   1.003         
 2611   549  19.685   0.878         
 2612   549  18.448   0.986         
 2613   549  18.926   1.071         
 2614   549  19.384   1.262         
 2615   549  20.087   1.151         
 2617   549  18.330   0.899         
 2618   549  19.531   0.967         
 2619   549  17.417   0.993         
 2620   549  18.649   1.174         
 2622   549  19.687   1.360         
 2623   549  19.342   1.089         
 2625   549  16.192   0.961         
 2627   549  19.275   0.998         
 2628   549  18.678   1.106         
 2630   549  17.311   1.055         
 2631   549  18.844   1.005         
 2632   549  17.745   0.958         
 2633   549  16.051   1.211         
 2634   549  19.806   1.043         
 2635   549  19.754   1.086         
 2638   549  19.062   0.900         
 2642   549  17.843   1.270         
 2643   549  19.158   0.857         
 2644   549  17.126   0.889         
 2648   549  19.597   0.892         
 2649   549  19.462   1.316         
 2651   549  18.898   0.906         
 2652   549  19.074   0.883         
 2654   549  19.730   1.107         
 2655   549  17.331   1.032         
 2656   549  19.619   0.933         
 2657   549  19.685   1.401         
 2658   549  20.317   1.007         
 2662   549  18.972   0.833         
 2663   549  18.613   1.071         
 2664   549  19.182   0.939         
 2665   549  20.461   0.918         
 2666   549  18.898   1.443         
 2668   549  17.758   1.049         
 2671   549  20.119   0.924         
 2672   549  19.387   1.226         
 2673   549  19.865   1.091         
 2675   549  19.774   1.000         
 2676   549  18.485   1.092         
 2678   549  19.692   0.976         
 2679   549  19.337   1.493         
 2680   549  17.585   1.290         
 2681   549  17.061   1.006         
 2682   549  20.574   0.861         
 2684   549  20.758   0.878         
 2685   549  19.552   0.692         
 2686   549  17.878   0.880         
 2688   549  19.900   1.318         
 2690   549  20.583   1.086         
 2691   549  19.201   1.078         
 2692   549  20.330   0.822         
 2693   549  19.854   1.029         
 2695   549  17.452   0.855         
 2696   549  18.616   0.830         
 2697   549  20.245   1.312         
 2698   549  20.235   1.429         
 2699   549  17.448   0.926         
 2700   549  19.118   0.885         
 2701   549  16.533   0.890         
 2702   549  18.001   1.032         
 2703   549  17.370   0.893         
 2705   549  16.081   1.038         
 2706   549  19.815   0.989         
 2707   549  19.612   1.044         
 2708   549  18.891   0.942         
 2712   549  19.089   0.828         
 2713   549  18.254   1.044         
 2715   549  19.740   1.328         
 2716   549  19.371   0.942         
 2721   549  17.467   0.885         
 2722   549  19.728   1.041         
 2723   549  19.010   1.239         
 2724   549  19.601   1.393         
 2725   549  17.500   1.134         
 2728   549  18.924   0.919         
 2729   549  19.936   1.556         
 2730   549  20.430   0.908         
 2731   549  19.464   0.987         
 2732   549  17.899   0.926         
 2733   549  19.611   1.049         
 2734   549  20.446   1.172         
 2736   549  20.613   0.839         
 2737   549  19.516   1.445         
 2740   549  20.117   1.001         
 2741   549  20.250   1.280         
 2742   549  18.576   1.452         
 2743   549  19.993   0.869         
 2744   549  20.074   1.516         
 2747   549  18.683   1.134         
 2748   549  19.368   1.356         
 2749   549  20.044   1.264         
 2750   549  18.571   1.444         
 2751   549  19.439   1.324         
 2753   549  19.076   1.128         
 2754   549  18.864   1.351         
 2757   549  16.872   1.026         
 2759   549  18.129   1.218         
 2760   549  20.160   1.254         
 2761   549  18.776   0.798         
 2762   549  18.268   1.112         
 2763   549  17.795   0.926         
 2765   549  19.998   0.895         
 2768   549  19.717   0.857         
 2769   549  18.563   1.084         
 2770   549  19.740   0.999         
 2772   549  19.131   0.906         
 2774   549  19.410   1.023         
 2775   549  20.163   1.258         
 2776   549  18.811   1.298         
 2777   549  18.756   0.967         
 2778   549  17.462   0.940         
 2779   549  19.292   1.071         
 2780   549  19.381   0.735         
 2782   549  19.942   1.365         
 2783   549  19.861   0.973         
 2784   549  19.223   1.619         
 2786   549  17.994   1.210         
 2787   549  20.390   1.090         
 2789   549  20.201   0.949         
 2791   549  19.346   0.984         
 2793   549  19.475   1.332         
 2795   549  18.135   1.071         
 2796   549  19.566   1.290         
 2797   549  18.922   1.380         
 2798   549  18.369   1.073         
 2799   549  18.087   1.123         
 2801   549  18.736   1.255         
 2802   549  19.058   1.195         
 2803   549  18.669   0.823         
 2804   549  20.546   0.967         
 2805   549  18.123   0.989         
 2810   549  19.764   1.313         
 2811   549  18.294   0.855         
 2812   549  19.424   1.306         
 2817   549  20.461   0.969         
 2818   549  18.449   1.104         
 2819   549  15.067   0.885         
 2820   549  17.633   1.329         
 2821   549  18.465   1.301         
 2823   549  20.475   1.035         
 2825   549  19.215   1.467         
 2828   549  19.101   0.942         
 2829   549  20.089   0.980         
 2830   549  19.394   0.870         
 2831   549  17.517   0.946         
 2833   549  17.902   0.897         
 2835   549  16.011   0.902         
 2837   549  17.073   0.919         
 2838   549  16.059   0.859         
 2839   549  19.052   0.939         
 2840   549  18.846   0.977         
 2841   549  20.531   1.099         
 2842   549  18.970   1.287         
 2843   549  17.483   1.067         
 2844   549  19.017   1.303         
 2845   549  18.715   1.110         
 2846   549  19.556   0.888         
 2848   549  19.903   1.312         
 2850   549  19.756   1.591         
 2851   549  17.475   1.064         
 2852   549  18.825   0.983         
 2853   549  19.856   0.989         
 2855   549  18.808   0.877         
 2856   549  20.264   0.985         
 2859   549  18.097   0.836         
 2860   549  19.819   1.047         
 2862   549  18.117   1.001         
 2863   549  19.454   0.984         
 2864   549  18.741   1.002         
 2865   549  19.695   1.523         
 2867   549  19.184   0.926         
 2872   549  16.386   1.479         
 2877   549  20.056   1.541         
 2878   549  19.275   0.923         
 2880   549  20.207   0.861         
 2881   549  19.278   1.235         
 2882   549  20.719   0.921         
 2883   549  18.346   1.121         
 2885   549  19.076   0.994         
 2886   549  18.953   1.404         
 2888   549  19.544   1.036         
 2890   549  17.627   1.224         
 2891   549  18.479   1.589         
 2892   549  18.578   1.252         
 2895   549  19.588   1.064         
 2896   549  20.122   1.248         
 2897   549  18.897   1.257         
 2898   549  19.551   1.619         
 2899   549  18.987   1.287         
 2901   549  16.423   0.850         
 2903   549  19.984   0.979         
 2904   549  19.420   1.067         
 2906   549  20.083   1.198         
 2907   549  20.508   1.246         
 2908   549  19.410   0.931         
 2909   549  16.310   1.142         
 2910   549  19.238   0.957         
 2911   549  18.220   0.874         
 2912   549  20.060   1.135         
 2913   549  19.272   1.477         
 2914   549  18.252   0.875         
 2915   549  18.066   0.842         
 2916   549  15.962   0.828         
 2917   549  18.650   0.996         
 2918   549  19.322   1.165         
 2921   549  19.102   0.840         
 2922   549  17.315   1.062         
 2927   549  18.505   1.197         
 2928   549  20.270   1.012         
 2929   549  17.990   0.870         
 2930   549  19.962   0.912         
 2931   549  19.989   0.752         
 2932   549  16.597   0.927         
 2934   549  20.029   1.090         
 2935   549  17.936   0.951         
 2938   549  20.695   0.799         
 2940   549  17.870   1.132         
 2941   549  16.739   0.871         
 2942   549  19.791   1.258         
 2943   549  17.641   1.058         
 2944   549  16.381   1.474         
 2945   549  18.919   1.176         
 2946   549  15.912   0.858         
 2947   549  17.829   0.959         
 2952   549  19.833   1.264         
 2958   549  20.474   0.818         
 2959   549  19.235   0.951         
 2961   549  19.063   0.954         
 2962   549  18.475   1.110         
 2963   549  20.036   0.936         
 2964   549  19.015   1.298         
 2965   549  18.779   0.781         
 2966   549  16.570   0.782         
 2967   549  19.645   1.329         
 2968   549  19.794   1.357         
 2970   549  18.492   1.154         
 2973   549  17.829   1.082         
 2974   549  18.509   1.008         
 2976   549  19.473   1.411         
 2977   549  19.365   1.321         
 2979   549  18.168   1.640         
 2980   549  19.341   1.029         
 2981   549  20.758   0.965         
 2982   549  19.582   0.990         
 2983   549  20.448   0.997         
 2984   549  19.189   1.092         
 2986   549  20.299   1.110         
 2987   549  17.746   0.935         
 2988   549  19.027   1.506         
 2990   549  20.037   1.062         
 2991   549  16.481   0.920         
 2993   549  17.537   0.949         
 2994   549  18.728   1.385         
 2995   549  18.494   0.759         
 2996   549  20.300   1.197         
 2998   549  15.082   1.328         
 3001   549  17.959   0.948         
 3002   549  18.684   1.319         
 3004   549  20.129   1.011         
 3005   549  19.056   1.269         
 3006   549  18.279   0.869         
 3008   549  19.705   0.849         
 3010   549  19.004   1.088         
 3011   549  18.415   0.988         
 3012   549  16.936   0.875         
 3013   549  20.108   1.050         
 3014   549  19.669   0.763         
 3017   549  19.638   1.525         
 3018   549  18.871   1.089         
 3019   549  19.934   0.764         
 3020   549  18.989   1.214         
 3021   549  17.810   1.197         
 3022   549  20.078   1.110         
 3023   549  17.929   1.024         
 3025   549  19.392   0.923         
 3028   549  20.472   1.186         
 3029   549  20.252   1.123         
 3030   549  19.175   1.326         
 3031   549  16.000   0.884         
 3032   549  18.882   0.943         
 3033   549  16.002   1.221         
 3034   549  18.732   0.734         
 3035   549  19.388   1.296         
 3036   549  20.220   1.287         
 3037   549  19.457   0.836         
 3040   549  19.844   1.159         
 3041   549  17.656   0.910         
 3042   549  19.643   0.908         
 3043   549  20.761   0.879         
 3044   549  19.902   0.950         
 3045   549  19.118   1.005         
 3046   549  16.059   0.871         
 3047   549  19.606   1.007         
 3048   549  19.248   1.064         
 3049   549  19.995   1.152         
 3050   549  15.769   0.995         
 3051   549  20.153   1.304         
 3052   549  17.349   0.889         
 3054   549  20.274   1.251         
 3055   549  16.906   1.221         
 3056   549  17.827   0.850         
 3057   549  18.771   0.928         
 3058   549  19.233   1.185         
 3059   549  19.141   1.150         
 3060   549  18.601   1.526         
 3061   549  19.043   1.070         
 3062   549  20.603   0.989         
 3063   549  20.333   0.892         
 3064   549  20.871   0.854         
 3065   549  19.203   1.366         
 3066   549  19.812   1.167         
 3067   549  16.750   0.926         
 3069   549  19.582   1.332         
 3070   549  19.061   1.166         
 3071   549  19.438   1.333         
 3072   549  15.957   0.775         
 3073   549  20.021   1.226         
 3074   549  20.369   0.911         
 3076   549  18.278   0.629         
 3077   549  17.972   1.062         
 3078   549  20.223   0.968         
 3081   549  19.671   0.971         
 3082   549  18.828   1.309         
 3083   549  16.786   0.814         
 3085   549  18.173   1.053         
 3086   549  18.593   1.155         
 3088   549  18.326   0.859         
 3089   549  19.427   1.579         
 3090   549  15.909   1.274         
 3091   549  18.388   1.205         
 3092   549  18.239   1.099         
 3094   549  19.491   1.374         
 3095   549  18.105   0.984         
 3096   549  19.368   1.097         
 3098   549  16.985   0.918         
 3100   549  20.618   0.896         
 3101   549  19.076   0.980         
 3102   549  20.226   1.072         
 3103   549  18.998   0.895         
 3104   549  20.553   1.089         
 3106   549  20.640   0.858         
 3107   549  18.354   0.887         
 3108   549  17.459   0.808         
 3109   549  18.430   0.920         
 3112   549  19.884   1.303         
 3113   549  20.206   1.003         
 3114   549  18.305   1.064         
 3117   549  19.715   0.906         
 3118   549  20.365   1.163         
 3120   549  20.523   1.038         
 3121   549  17.112   0.829         
 3125   549  16.413   1.228         
 3127   549  20.173   1.038         
 3128   549  17.758   1.076         
 3129   549  20.354   0.985         
 3131   549  20.764   0.885         
 3132   549  19.607   1.663         
 3137   549  18.103   1.082         
 3138   549  18.607   1.347         
 3140   549  19.555   1.506         
 3142   549  17.533   0.961         
 3143   549  18.107   1.075         
 3144   549  16.570   0.951         
 3145   549  18.049   1.009         
 3146   549  19.217   1.107         
 3148   549  19.224   0.939         
 3150   549  16.290   0.901         
 3151   549  20.601   0.911         
 3153   549  20.680   0.905         
 3155   549  19.373   0.822         
 3157   549  20.036   1.390         
 3158   549  18.368   0.807         
 3160   549  20.352   1.140         
 3161   549  17.994   1.078         
 3164   549  16.924   0.902         
 3165   549  19.911   1.548         
 3166   549  19.768   1.126         
 3167   549  20.544   1.027         
 3168   549  19.333   1.137         
 3169   549  19.425   1.201         
 3170   549  18.096   1.054         
 3172   549  17.016   0.920         
 3173   549  20.036   0.816         
 3174   549  20.155   1.561         
 3175   549  19.091   1.059         
 3176   549  18.997   0.788         
 3177   549  20.213   0.788         
 3179   549  20.320   1.257         
 3180   549  19.806   1.178         
 3181   549  18.417   1.122         
 3182   549  20.188   0.943         
 3183   549  16.885   1.308         
 3184   549  19.930   1.149         
 3185   549  18.777   1.290         
 3186   549  18.912   0.927         
 3187   549  18.581   1.126         
 3188   549  17.909   1.084         
 3189   549  19.630   1.020         
 3190   549  18.210   1.060         
 3194   549  17.259   1.127         
 3196   549  20.346   0.797         
 3197   549  16.994   0.882         
 3198   549  18.685   1.246         
 3199   549  18.548   0.780         
 3203   549  20.048   1.281         
 3204   549  19.967   1.004         
 3205   549  18.745   0.861         
 3206   549  19.654   0.999         
 3207   549  16.650   0.839         
 3208   549  19.714   1.020         
 3209   549  18.506   1.505         
 3210   549  20.073   0.987         
 3211   549  18.660   0.962         
 3212   549  19.251   1.600         
 3213   549  16.376   0.806         
 3214   549  19.088   1.232         
 3215   549  19.594   1.093         
 3216   549  20.127   0.891         
 3217   549  19.109   1.060         
 3218   549  18.187   1.532         
 3219   549  18.136   0.854         
 3220   549  19.670   0.919         
 3221   549  19.437   0.927         
 3222   549  18.043   1.181         
 3223   549  17.166   0.923         
 3228   549  19.729   1.005         
 3230   549  18.871   1.316         
 3231   549  19.409   0.794         
 3232   549  17.731   0.890         
 3234   549  19.224   0.872         
 3235   549  18.440   1.047         
 3236   549  16.647   0.918         
 3238   549  17.339   0.930         
 3239   549  18.476   0.915         
 3241   549  19.549   1.380         
 3242   549  20.313   0.939         
 3243   549  16.776   0.859         
 3246   549  20.197   0.883         
 3247   549  19.674   1.160         
 3249   549  19.287   1.087         
 3251   549  18.423   0.950         
 3257   549  19.040   0.813         
 3258   549  19.900   1.444         
 3259   549  18.182   1.217         
 3260   549  19.079   1.011         
 3261   549  20.298   1.074         
 3262   549  20.479   1.252         
 3263   549  19.659   0.881         
 3264   549  17.676   0.955         
 3265   549  19.969   0.988         
 3266   549  18.641   0.883         
 3267   549  18.317   1.129         
 3268   549  19.950   1.238         
 3269   549  19.939   1.190         
 3270   549  15.738   1.281         
 3271   549  16.513   1.115         
 3273   549  19.044   1.373         
 3274   549  19.516   1.121         
 3275   549  18.391   1.168         
 3277   549  17.843   1.279         
 3279   549  19.318   1.301         
 3280   549  20.241   1.199         
 3281   549  19.083   0.891         
 3282   549  17.662   1.309         
 3283   549  19.303   1.206         
 3285   549  18.738   0.918         
 3286   549  20.143   0.960         
 3287   549  18.751   0.802         
 3288   549  19.047   0.917         
 3289   549  20.109   1.222         
 3290   549  18.566   1.658         
 3292   549  19.407   1.296         
 3293   549  20.064   0.864         
 3294   549  18.677   1.191         
 3296   549  18.843   1.185         
 3297   549  20.181   1.097         
 3298   549  19.493   1.436         
 3300   549  20.099   1.411         
 3301   549  20.410   1.212         
 3303   549  18.670   0.947         
 3304   549  17.967   1.126         
 3305   549  20.374   1.128         
 3306   549  17.910   1.012         
 3307   549  20.241   0.975         
 3308   549  19.792   1.062         
 3310   549  19.619   1.402         
 3311   549  20.596   0.980         
 3314   549  16.411   1.130         
 3316   549  18.911   1.031         
 3317   549  20.381   1.212         
 3318   549  20.759   0.881         
 3323   549  17.646   0.979         
 3324   549  20.139   0.894         
 3326   549  19.602   1.545         
 3327   549  20.357   1.001         
 3328   549  18.924   0.966         
 3330   549  19.205   0.676         
 3331   549  18.749   0.965         
 3335   549  17.430   0.869         
 3336   549  20.676   0.823         
 3337   549  18.808   0.977         
 3338   549  19.408   0.895         
 3340   549  20.103   0.847         
 3341   549  18.977   0.912         
 3342   549  19.164   0.850         
 3343   549  20.176   0.927         
 3346   549  18.654   0.934         
 3347   549  15.891   0.876         
 3349   549  18.581   1.180         
 3350   549  16.760   0.898         
 3351   549  19.910   1.116         
 3353   549  19.571   0.884         
 3355   549  20.026   1.050         
 3356   549  19.886   1.239         
 3357   549  19.280   1.617         
 3361   549  19.988   1.056         
 3362   549  19.897   1.187         
 3363   549  18.315   0.817         
 3365   549  19.775   1.067         
 3370   549  19.813   1.412         
 3372   549  19.671   1.150         
 3373   549  19.460   1.047         
 3374   549  18.703   0.909         
 3379   549  15.845   1.264         
 3380   549  19.750   0.919         
 3381   549  17.338   0.965         
 3382   549  19.319   1.235         
 3383   549  18.423   0.956         
 3384   549  18.218   0.998         
 3385   549  16.474   0.878         
 3386   549  20.718   1.048         
 3387   549  19.172   1.290         
 3388   549  17.501   0.999         
 3389   549  18.977   0.934         
 3390   549  20.340   0.967         
 3391   549  18.850   1.085         
 3392   549  18.253   1.025         
 3393   549  18.107   0.845         
 3394   549  19.041   1.602         
 3396   549  17.749   1.237         
 3397   549  18.229   1.214         
 3398   549  17.804   0.943         
 3399   549  18.050   0.881         
 3400   549  17.751   1.253         
 3402   549  20.938   0.934         
 3403   549  19.082   1.057         
 3404   549  19.213   1.021         
 3405   549  18.859   1.311         
 3407   549  19.987   1.084         
 3411   549  19.983   1.486         
 3414   549  18.459   0.995         
 3415   549  20.484   1.057         
 3417   549  18.294   1.087         
 3418   549  19.710   0.980         
 3419   549  20.026   1.095         
 3420   549  18.443   0.862         
 3422   549  19.009   0.844         
 3423   549  16.956   1.244         
 3424   549  20.390   1.209         
 3428   549  19.686   0.906         
 3430   549  18.784   0.919         
 3431   549  19.437   1.192         
 3433   549  17.924   0.764         
 3434   549  19.665   1.123         
 3436   549  17.714   0.790         
 3438   549  18.951   1.140         
 3439   549  20.033   1.452         
 3441   549  17.339   0.848         
 3442   549  19.415   0.984         
 3444   549  19.760   1.096         
 3446   549  19.806   1.462         
 3447   549  19.555   1.555         
 3448   549  19.094   0.965         
 3449   549  17.212   1.184         
 3450   549  19.650   0.808         
 3451   549  19.080   1.226         
 3453   549  19.661   1.211         
 3454   549  19.176   1.067         
 3455   549  19.288   0.850         
 3456   549  19.831   1.138         
 3460   549  19.035   0.755         
 3463   549  19.141   1.085         
 3464   549  18.488   0.984         
 3467   549  19.590   1.551         
 3468   549  19.014   1.395         
 3473   549  19.452   1.378         
 3475   549  17.483   1.013         
 3476   549  20.089   0.928         
 3477   549  19.467   1.048         
 3481   549  20.479   0.948         
 3482   549  17.638   0.733         
 3483   549  20.506   0.888         
 3485   549  20.042   1.171         
 3486   549  18.909   0.911         
 3487   549  20.191   0.834         
 3488   549  20.132   0.863         
 3489   549  19.387   0.841         
 3490   549  19.291   0.868         
 3492   549  19.114   0.852         
 3493   549  19.328   1.148         
 3494   549  18.474   0.886         
 3495   549  19.997   1.315         
 3499   549  18.593   1.168         
 3500   549  19.590   0.944         
 3502   549  18.863   0.938         
 3504   549  18.525   1.110         
 3506   549  17.774   0.995         
 3507   549  18.944   0.982         
 3510   549  18.669   0.747         
 3511   549  18.343   0.784         
 3512   549  17.203   0.926         
 3513   549  19.609   0.830         
 3514   549  18.494   0.890         
 3515   549  19.030   1.201         
 3516   549  20.205   1.005         
 3517   549  19.639   1.121         
 3518   549  19.056   1.263         
 3520   549  19.720   1.131         
 3521   549  19.346   1.001         
 3522   549  19.287   1.096         
 3523   549  18.819   1.215         
 3525   549  19.028   1.059         
 3526   549  19.294   0.920         
 3527   549  17.867   0.963         
 3529   549  18.694   0.837         
 3530   549  19.101   0.831         
 3534   549  19.347   0.929         
 3536   549  19.769   0.939         
 3537   549  20.441   1.067         
 3538   549  18.480   0.889         
 3539   549  20.000   1.339         
 3541   549  18.829   1.203         
 3542   549  19.211   1.592         
 3543   549  19.335   1.175         
 3548   549  16.591   1.042         
 3549   549  20.080   1.129         
 3550   549  17.442   0.936         
 3551   549  19.711   0.882         
 3552   549  18.726   1.134         
 3553   549  20.311   1.310         
 3554   549  18.678   1.002         
 3555   549  18.211   0.904         
 3556   549  17.722   1.052         
 3557   549  20.651   1.048         
 3558   549  19.051   1.022         
 3563   549  19.008   1.044         
 3564   549  19.267   1.263         
 3568   549  18.645   0.885         
 3569   549  19.292   1.284         
 3570   549  20.131   1.357         
 3572   549  19.144   1.336         
 3573   549  20.608   0.799         
 3574   549  18.688   1.446         
 3575   549  18.682   1.120         
 3576   549  18.890   0.786         
 3577   549  20.044   1.023         
 3578   549  20.236   1.209         
 3579   549  18.652   0.884         
 3582   549  19.190   0.850         
 3583   549  18.631   1.063         
 3584   549  18.679   1.081         
 3585   549  19.554   1.083         
 3586   549  19.176   1.375         
 3588   549  20.075   1.281         
 3592   549  19.425   0.876         
 3594   549  19.479   1.097         
 3595   549  18.097   1.077         
 3596   549  20.144   1.579         
 3599   549  20.385   1.118         
 3600   549  17.550   1.152         
 3601   549  19.353   1.145         
 3605   549  18.721   1.194         
 3606   549  16.988   0.914         
 3609   549  17.809   1.143         
 3610   549  18.048   0.770         
 3611   549  19.463   1.154         
 3612   549  18.063   0.784         
 3613   549  19.312   0.859         
 3614   549  19.263   1.529         
 3615   549  20.082   1.002         
 3616   549  18.631   1.559         
 3617   549  19.373   0.905         
 3618   549  19.190   1.475         
 3623   549  18.010   0.801         
 3624   549  18.002   1.054         
 3626   549  18.258   0.942         
 3627   549  18.433   1.337         
 3628   549  18.949   1.128         
 3629   549  19.869   0.916         
 3630   549  20.583   0.994         
 3631   549  18.524   1.354         
 3632   549  16.526   0.892         
 3636   549  20.289   0.994         
 3637   549  20.437   1.205         
 3639   549  17.599   1.164         
 3640   549  20.274   1.025         
 3641   549  20.584   0.891         
 3644   549  17.665   1.027         
 3645   549  18.776   0.995         
 3647   549  15.660   1.281         
 3651   549  19.270   1.000         
 3655   549  18.476   0.933         
 3656   549  20.058   1.138         
 3657   549  18.458   1.424         
 3658   549  19.539   1.254         
 3659   549  20.348   1.088         
 3661   549  18.717   1.115         
 3662   549  19.218   1.016         
 3663   549  18.436   0.873         
 3664   549  17.997   1.250         
 3666   549  17.364   0.966         
 3667   549  20.124   1.012         
 3669   549  18.146   1.088         
 3670   549  20.546   1.060         
 3671   549  18.008   1.179         
 3672   549  17.228   0.963         
 3673   549  20.106   0.910         
 3674   549  18.643   1.516         
 3678   549  19.241   1.312         
 3680   549  18.341   0.817         
 3681   549  19.715   1.036         
 3682   549  18.904   1.037         
 3684   549  20.155   1.592         
 3685   549  18.699   0.982         
 3687   549  18.375   1.142         
 3688   549  20.527   0.949         
 3689   549  18.274   0.976         
 3690   549  19.549   1.151         
 3691   549  18.564   0.952         
 3692   549  19.952   0.900         
 3694   549  18.644   0.825         
 3695   549  17.741   1.421         
 3699   549  19.671   0.893         
 3700   549  19.518   0.904         
 3701   549  19.313   1.007         
 3702   549  19.564   1.595         
 3703   549  19.241   1.054         
 3704   549  18.778   0.937         
 3706   549  20.081   0.885         
 3708   549  20.012   1.093         
 3709   549  19.798   0.864         
 3710   549  19.539   1.357         
 3712   549  20.079   1.110         
 3713   549  18.395   1.048         
 3714   549  17.017   0.924         
 3715   549  19.789   1.212         
 3716   549  20.599   1.173         
 3717   549  20.725   1.004         
 3719   549  20.597   0.976         
 3720   549  18.721   1.033         
 3721   549  17.900   0.934         
 3723   549  19.575   1.237         
 3724   549  19.366   1.006         
 3726   549  18.528   1.097         
 3727   549  19.323   0.847         
 3729   549  18.700   0.871         
 3730   549  20.292   0.885         
 3731   549  18.898   0.902         
 3732   549  17.838   0.988         
 3733   549  19.148   1.021         
 3734   549  19.872   0.970         
 3735   549  18.976   0.866         
 3736   549  17.931   1.074         
 3737   549  19.572   1.208         
 3738   549  18.625   1.236         
 3739   549  18.267   1.106         
 3740   549  19.925   1.480         
 3742   549  19.612   1.546         
 3746   549  19.281   0.871         
 3749   549  20.083   1.587         
 3750   549  19.714   0.928         
 3751   549  18.942   1.322         
 3753   549  16.944   0.891         
 3754   549  19.882   0.863         
 3756   549  18.870   1.214         
 3758   549  19.316   0.974         
 3759   549  17.557   1.352         
 3760   549  16.565   0.867         
 3761   549  17.361   1.093         
 3763   549  20.079   0.981         
 3766   549  17.754   1.016         
 3768   549  18.432   0.894         
 3769   549  20.256   0.837         
 3772   549  19.015   1.254         
 3774   549  20.275   1.185         
 3775   549  18.173   1.028         
 3776   549  16.427   0.887         
 3777   549  18.705   0.900         
 3778   549  18.580   0.899         
 3779   549  19.333   0.935         
 3780   549  19.748   0.887         
 3781   549  19.220   0.948         
 3782   549  18.945   1.192         
 3784   549  18.372   1.285         
 3785   549  18.994   0.876         
 3786   549  20.546   1.020         
 3787   549  16.299   1.386         
 3788   549  18.260   0.924         
 3789   549  19.257   0.987         
 3790   549  20.400   0.893         
 3791   549  18.861   0.969         
 3792   549  20.236   1.130         
 3793   549  19.462   0.862         
 3794   549  19.367   0.963         
 3795   549  17.165   1.002         
 3796   549  18.918   1.418         
 3797   549  19.267   0.997         
 3799   549  18.995   1.075         
 3800   549  19.545   0.850         
 3801   549  19.003   1.509         
 3802   549  19.437   0.853         
 3803   549  19.746   0.951         
 3804   549  18.631   0.874         
 3805   549  18.811   1.385         
 3806   549  16.336   0.880         
 3807   549  18.827   0.897         
 3810   549  17.940   1.074         
 3811   549  20.213   1.130         
 3812   549  19.013   1.085         
 3815   549  20.164   1.191         
 3817   549  16.300   0.802         
 3818   549  20.437   1.151         
 3819   549  20.258   1.208         
 3821   549  20.176   1.010         
 3822   549  19.347   0.941         
 3823   549  17.726   0.929         
 3824   549  20.420   1.154         
 3825   549  18.828   0.884         
 3827   549  18.885   1.127         
 3830   549  19.071   1.269         
 3831   549  19.418   0.918         
 3832   549  16.607   0.859         
 3833   549  16.459   0.861         
 3834   549  16.528   0.839         
 3835   549  19.733   1.064         
 3838   549  19.981   0.990         
 3839   549  15.970   1.231         
 3840   549  18.209   1.254         
 3841   549  16.822   0.930         
 3842   549  17.502   0.735         
 3845   549  19.672   0.915         
 3846   549  19.724   0.943         
 3847   549  18.903   1.347         
 3848   549  19.869   0.915         
 3849   549  20.024   1.490         
 3850   549  19.124   1.145         
 3851   549  18.273   0.958         
 3853   549  20.104   0.965         
 3854   549  16.937   1.558         
 3855   549  19.504   0.904         
 3856   549  19.981   0.890         
 3858   549  19.234   1.108         
 3859   549  19.122   1.111         
 3860   549  18.620   1.105         
 3861   549  15.941   0.936         
 3862   549  19.792   1.038         
 3863   549  20.250   0.993         
 3864   549  17.739   1.054         
 3865   549  17.415   0.954         
 3866   549  16.449   0.825         
 3867   549  19.633   0.905         
 3868   549  19.280   1.190         
 3869   549  19.453   0.942         
 3870   549  19.375   1.280         
 3872   549  20.620   0.980         
 3873   549  15.720   1.349         
 3875   549  19.992   0.923         
 3877   549  18.852   0.997         
 3878   549  17.002   0.913         
 3879   549  19.010   1.610         
 3880   549  16.708   0.878         
 3881   549  17.337   1.123         
 3882   549  15.623   0.789         
 3883   549  19.971   1.320         
 3885   549  16.896   1.068         
 3887   549  17.202   1.373         
 3888   549  17.626   1.221         
 3891   549  19.073   1.003         
 3894   549  20.223   0.865         
 3895   549  20.682   1.071         
 3896   549  18.929   1.352         
 3897   549  19.250   1.023         
 3898   549  20.177   1.147         
 3899   549  20.178   1.066         
 3900   549  20.381   1.283         
 3901   549  19.104   1.598         
 3902   549  16.995   1.197         
 3903   549  18.625   1.173         
 3905   549  18.571   1.128         
 3906   549  17.776   1.039         
 3907   549  19.995   1.431         
 3908   549  20.620   0.939         
 3909   549  18.889   1.446         
 3911   549  19.296   0.881         
 3912   549  18.172   1.092         
 3914   549  20.618   0.831         
 3915   549  17.768   1.010         
 3916   549  20.388   0.918         
 3917   549  19.366   1.312         
 3918   549  19.620   1.095         
 3922   549  19.949   1.031         
 3923   549  20.016   0.884         
 3924   549  15.950   0.903         
 3925   549  19.563   1.215         
 3926   549  17.719   1.200         
 3927   549  17.790   1.042         
 3928   549  19.843   0.957         
 3929   549  19.930   1.311         
 3930   549  17.581   0.824         
 3933   549  16.383   0.963         
 3934   549  17.097   1.120         
 3935   549  19.662   1.190         
 3936   549  18.525   0.883         
 3937   549  20.248   1.051         
 3940   549  19.309   1.187         
 3941   549  18.615   1.099         
 3945   549  17.865   0.746         
 3946   549  17.722   0.963         
 3947   549  18.820   1.107         
 3948   549  18.271   1.187         
 3949   549  18.604   0.987         
 3950   549  17.344   0.979         
 3955   549  17.199   0.771         
 3960   549  17.547   0.837         
 3962   549  18.153   0.940         
 3963   549  18.189   1.205         
 3966   549  16.062   0.823         
 3969   549  18.433   1.350         
 3972   549  16.287   0.935         
 3981   549  17.184   0.967         
 3989   549  17.069   0.837         
 3997   549  16.784   0.916         
 3998   549  17.564   0.892         
 3999   549  17.023   0.877         
 4004   549  16.248   1.177         
 4005   549  17.392   0.950         
 4016   549  17.446   1.262         
 4017   549  17.850   1.043         
 4020   549  16.603   1.204         
 4021   549  15.908   1.264         


